e 1 4892.359863281250 5310.050781250000 -54.699913024902  5.940898418427 0.167306005955 3.584055423737 1

r 1 4860.774414062500 5331.282714843750 -46.300315856934  6.056496143341 0.006000075024 3.587990760803 1

c e 1 4851.592285156250 5578.077148437500 4.196312904358  0.154053583741 0.031455542892 3.182827711105 1

c e 1 4815.829101562500 5583.366210937500 1.434592604637  6.131405830383 0.364096879959 3.166219949722 1

c e 1 4785.421875000000 5582.467285156250 1.642123818398  0.033634949476 0.023805145174 3.211803674698 1

c e 1 4759.887695312500 5591.177734375000 1.809576034546  6.224282741547 6.254047870636 3.191135168076 1

c e 1 4722.877929687500 5580.818847656250 2.810680389404  0.049613002688 0.112267710268 3.217906951904 1

c r 1 4655.829589843750 5574.840820312500 -0.709523618221  6.124365806580 0.029513491318 3.236936807632 1

c r 1 4620.554687500000 5579.496582031250 5.312134265900  6.143795967102 5.855144977570 3.255253553391 1

c r 1 4592.779296875000 5577.434570312500 6.976867675781  0.290746510029 0.070962958038 3.286365032196 1

c g 1 4607.844726562500 5522.503417968750 13.173339843750  6.167508125305 0.741545557976 0.278596013784 1

c g 1 4637.149414062500 5531.591796875000 1.644738197327  0.024185307324 0.319122076035 0.337897360325 1

c g 1 4668.122558593750 5534.817871093750 4.109127998352  5.595562934875 6.127505302429 0.359265834093 1

c g 1 4696.380371093750 5535.170898437500 13.268832206726  5.741940975189 6.076601028442 0.195304006338 1

c g 1 4730.695312500000 5535.167480468750 19.324384689331  5.586723327637 0.298794686794 0.072530351579 1

c g 1 4774.088378906250 5537.081054687500 10.242159843445  5.787697792053 0.523049294949 0.114970825613 1

c g 1 4827.374023437500 5533.566894531250 8.705814361572  0.267650961876 0.410559028387 2.781925916672 1

c g 1 4872.732910156250 5536.147460937500 10.871290206909  0.243920207024 0.136116027832 2.984007358551 1

c g 1 4931.697753906250 5551.638183593750 14.591160774231  6.241423606873 0.074482850730 3.067626953125 1

c g 1 4954.738281250000 5551.728027343750 17.028501510620  0.808934867382 6.104549407959 3.068109512329 1

c s 1 5141.582031250000 5591.580078125000 5.501894474030  0.266710370779 6.258609771729 3.132385253906 1

c s 1 5127.064941406250 5591.733398437500 5.460422992706  0.276608467102 0.053996428847 3.136789560318 1

c s 1 5118.472167968750 5592.406738281250 5.600886344910  0.474716037512 0.016290644184 3.144665479660 1

c s 1 5100.817871093750 5587.234375000000 6.679790973663  0.328611969948 0.003002561629 3.132905006409 1

c s 1 5077.516601562500 5591.182128906250 5.715951442719  0.365943104029 6.206681728363 3.124376773834 1

c s 1 5061.342773437500 5591.759277343750 4.406223297119  0.311253547668 0.043706223369 3.152077913284 1

c s 1 5037.328125000000 5595.549316406250 129.786972045898  0.168476805091 6.270168781281 3.144462585449 0

c s 1 5025.298339843750 5592.176269531250 3.794617652893  0.173019021749 6.228263854980 3.155937671661 1

c s 1 5005.433105468750 5594.650390625000 3.570136785507  0.118239723146 6.239800453186 3.136289596558 1

c s 1 5021.401855468750 5564.594238281250 8.615063667297  6.190190792084 6.258738994598 0.267459154129 1

c f 1 4997.774902343750 5546.082031250000 17.457971572876  0.864905595779 0.075538128614 3.012434482574 1

c f 1 4985.612304687500 5576.387207031250 5.601837635040  0.144512534142 6.222194671631 2.996539831161 1

c f 1 4963.022460937500 5579.375976562500 7.860885143280  0.289434432983 0.042389947921 2.978207111359 1

c f 1 4941.320800781250 5576.924316406250 8.419936180115  0.251571804285 0.093639820814 2.902861595154 1

c f 1 4921.238281250000 5581.023925781250 7.677037239075  0.250313371420 6.151379108429 2.866233587265 1

c e 2 630.855163574219 19.060808181763 -3.288280248642  6.120738983154 0.342339992523 1.032081842422 1

c e 2 631.186401367188 40.150806427002 -9.946397781372  6.096763134003 0.338413983583 1.103737950325 1

c e 2 640.541992187500 60.469284057617 -13.344855308533  6.214974880219 0.157758176327 1.045158982277 1

c e 2 659.342285156250 75.272613525391 -17.742012023926  0.206646606326 0.331593573093 1.115459918976 1

c e 2 604.006225585938 19.619932174683 -7.080011367798  5.843421936035 0.147955909371 1.269099831581 1

c g 2 409.536682128906 14.285881042480 -8.123026847839  5.431184768677 6.176884174347 6.206120491028 1

c g 2 438.942657470703 44.364368438721 -60.134719848633  4.641831874847 1.365433335304 6.276194572449 1

c g 2 457.649688720703 10.427615165710 -6.636935234070  5.268253803253 0.011102121323 0.024419488385 1

c g 2 480.504150390625 10.572311401367 -7.802337646484  5.447001934052 0.053443819284 0.067305080593 1

c g 2 501.864959716797 14.215617179871 -9.962546348572  5.145569801331 6.181087493896 6.241591930389 1

c g 2 524.051696777344 13.701486587524 -10.360321044922  5.375512123108 0.234975427389 0.115970857441 1

c g 2 546.241699218750 15.124354362488 -7.510006427765  5.541461467743 0.054924529046 0.057264786214 1

c g 2 564.212158203125 16.788858413696 -9.084534645081  5.634406566620 0.102508194745 0.065574504435 1

c g 2 554.859497070312 46.307292938232 -33.276653289795  1.646046757698 5.174743175507 2.555487155914 1

c g 2 561.015930175781 46.523086547852 -29.194984436035  4.279730796814 5.825982093811 0.246512368321 1

c s 2 584.366088867188 108.881752014160 -31.736713409424  0.382451146841 0.129653096199 3.927011251450 1

c s 2 567.657897949219 103.208541870117 -37.091255187988  0.346232712269 0.159918844700 3.921576738358 1

c s 2 554.005554199219 92.621055603027 -39.621383666992  0.338447153568 0.128368884325 3.917794942856 1

c s 2 536.333312988281 85.929443359375 -44.189083099365  0.294576823711 0.167503163218 3.947004079819 1

c s 2 529.476684570312 90.921775817871 -44.790607452393  1.060273766518 0.110054679215 4.016051769257 1

c s 2 508.125366210938 61.818782806396 -45.688999176025  0.097931325436 6.260960102081 2.805469512939 1

c s 2 484.287994384766 90.333526611328 -45.964916229248  5.724171161652 5.796581268311 2.865313768387 1

c s 2 477.835052490234 88.776351928711 -43.852779388428  3.110120534897 5.580742835999 5.766042232513 1

c s 2 384.221405029297 85.174575805664 -56.560726165771  4.695706367493 0.573780417442 5.690790653229 1

c s 2 439.652770996094 99.764411926270 -20.656949996948  3.615576505661 1.457489252090 3.563459396362 1

c r 2 618.414794921875 210.825744628906 -65.734291076660  5.836004734039 0.790511846542 5.968674659729 1

c r 2 646.769226074219 205.850158691406 -82.053276062012  5.752061843872 0.637015223503 5.891154766083 1

c r 2 693.558593750000 202.051162719727 -85.713516235352  5.740219593048 6.150028705597 6.238741874695 1

h 2 466.666656494141 466.666656494141 2667.688964843750  0.000000000000 -0.000000000000 0.785398185253 1

h 1 5133.333007812500 5133.333007812500 2500.311035156250  0.000000000000 -0.000000000000 3.926990747452 1

c f 2 753.773193359375 207.421905517578 -88.412117004395  5.881796360016 6.240967750549 0.065994501114 1

c f 2 779.887023925781 209.020065307617 -88.983901977539  5.832528114319 6.267199516296 0.016497399658 1

c f 2 800.289123535156 206.046890258789 -87.764228820801  5.865553855896 0.020566130057 0.006925291382 1

c f 2 820.485656738281 203.479385375977 -85.900840759277  5.756278038025 6.150401115417 0.033010050654 1

c f 2 838.733337402344 203.841690063477 -85.277381896973  5.747738361359 0.007813042961 6.278025150299 1

e 2 228.268920898438 326.628692626953 -81.123405456543  6.174513339996 6.213287830353 1.187102794647 1

r 2 251.864883422852 347.403747558594 -77.492965698242  6.122512817383 0.062814250588 1.198423504829 1

u 2 170.917465209961 806.660095214844 -129.231719970703  6.131088256836 6.191166877747 0.848795056343 1

u 1 5518.679199218750 5070.894531250000 -56.312526702881  0.704307615757 6.006721019745 3.990818738937 1

p 1 4322.888183593750 4894.029296875000 -62.350505828857  0.049216590822 0.142416492105 1.075967788696 1

p 2 713.318176269531 1409.455932617188 -208.680892944336  6.225342750549 0.024934003130 3.402297735214 1

h 2 1400.000000000000 2333.333251953125 2695.733398437500  0.000000000000 -0.000000000000 0.463647514582 1

h 1 3266.666503906250 4200.000000000000 2533.555664062500  0.000000000000 -0.000000000000 4.712388992310 1

