e 1 2806.252929687500 5250.306152343750 138.148437500000  6.075198173523 6.173696994781 4.675139427185 1

r 1 2827.394287109375 5266.989257812500 139.716186523438  0.049676615745 0.018103748560 4.612390518188 1

c e 1 2831.658203125000 4864.258300781250 66.702033996582  3.198235034943 5.372421264648 1.523748517036 1

c e 1 2824.937500000000 4859.791992187500 69.425079345703  6.189503669739 5.565386295319 4.823239326477 1

c e 1 2811.963867187500 4863.815917968750 67.910209655762  3.307407379150 5.424999713898 1.567169427872 1

c p 1 2791.871337890625 4863.029296875000 68.917617797852  3.230220556259 5.428935050964 1.606609821320 1

c p 1 2757.806884765625 4880.858398437500 60.861465454102  3.426134109497 5.327853202820 1.379196405411 1

c g 1 2744.584472656250 4875.542968750000 67.204879760742  5.855350494385 5.573354244232 5.035100936890 1

c g 1 2726.237792968750 4873.303710937500 69.122375488281  0.017266329378 5.890083789825 4.852221488953 1

c s 1 2712.348388671875 4870.700195312500 68.743698120117  0.003270671703 6.187721252441 4.828732490540 1

c s 1 2688.237792968750 4863.832031250000 69.390953063965  0.002393997042 6.079614162445 4.800506591797 1

e 1 2827.084716796875 4085.531494140625 215.617599487305  0.024218508974 6.132321834564 4.746611595154 1

g 1 2822.920410156250 4011.481933593750 241.437911987305  6.211051464081 5.976548671722 4.755994796753 0

s 1 2816.080566406250 4169.431640625000 233.259918212891  6.235517024994 6.199675083160 4.827072143555 0

e 2 2823.352050781250 1612.776489257812 189.972335815430  6.113466262817 0.043524939567 1.539220929146 1

g 2 2831.769042968750 1702.327026367188 207.776748657227  6.252676963806 6.211588859558 1.529287338257 0

s 2 2829.794433593750 1497.104614257812 202.520950317383  6.217512130737 0.001468447037 0.932527005672 0

c e 2 2835.737060546875 966.299316406250 12.626940727234  0.683776497841 5.666766643524 1.327546954155 1

c e 2 2856.239501953125 985.088928222656 11.765132904053  0.002737164730 5.752727031708 1.464295625687 1

c e 2 2880.225830078125 983.681091308594 11.702952384949  0.092833705246 5.795883655548 1.395739912987 1

c p 2 2905.537597656250 978.631469726562 20.287704467773  5.314212799072 5.830440998077 1.713412046432 1

c p 2 2925.752197265625 972.083251953125 27.172960281372  2.667793035507 6.211947441101 1.644747853279 1

c g 2 2950.258056640625 895.327026367188 19.371648788452  5.805116176605 5.816153049469 1.599546670914 1

c g 2 2931.088623046875 896.222106933594 10.717109680176  6.124911785126 5.884333133698 1.234745144844 1

c s 2 2891.144775390625 892.074096679688 5.348578453064  5.573846340179 6.153596878052 1.450030088425 1

c s 2 2818.803222656250 897.047485351562 7.439228534698  0.711595237255 6.244006633759 0.784736990929 1

e 2 2870.885253906250 491.201629638672 140.043228149414  0.092031754553 0.175166547298 1.539077281952 1

r 2 2852.758056640625 468.000640869141 146.507308959961  5.870557308197 0.093638338149 1.685168266296 1

c e 2 4367.087402343750 624.832763671875 74.445388793945  0.000447345054 6.208413124084 6.035464763641 1

c s 2 4379.240234375000 613.718444824219 74.353317260742  0.001346407691 6.253109931946 6.066290855408 1

c s 2 4392.254882812500 602.286071777344 74.366844177246  6.281466960907 6.247414112091 6.043979644775 1

c g 2 4403.014160156250 590.634948730469 74.884681701660  6.273697376251 0.300218939781 6.046572685242 1

c g 2 4412.324707031250 577.768737792969 74.445831298828  0.014477603137 6.235667228699 6.024313926697 1

c e 2 4414.989257812500 575.965026855469 78.998146057129  0.070272140205 0.339322566986 6.084326744080 1

c p 2 4425.398437500000 563.321166992188 74.446540832520  6.281660556793 6.209900856018 6.063706398010 1

c p 2 4434.973632812500 554.353149414062 74.411048889160  6.281938076019 6.226306438446 6.039628505707 1

c r 2 4372.052246093750 535.266784667969 74.342720031738  6.280982971191 6.259846210480 1.719878792763 1

c f 2 4377.391113281250 558.272277832031 74.378166198730  6.265164375305 0.009605326690 1.449429988861 1

c e 1 1121.264160156250 5031.169433593750 55.394515991211  6.198130130768 0.026951549575 1.623399257660 1

c e 1 1126.609985351562 5051.710449218750 55.239879608154  6.282275199890 6.166391372681 1.583719491959 1

c p 1 1120.959106445312 5076.361816406250 55.136798858643  0.001038967399 0.067300759256 1.645386099815 1

c p 1 1119.644042968750 5098.683105468750 55.113494873047  6.283153057098 0.056540619582 1.671320676804 1

c s 1 1107.216308593750 5120.331054687500 55.334693908691  6.282844543457 6.114986896515 1.627775549889 1

c s 1 1096.414550781250 5141.011230468750 55.292881011963  6.280041694641 6.142237186432 1.614518404007 1

c g 1 1084.829223632812 5161.510742187500 55.123954772949  0.000771588064 0.061907026917 1.687670111656 1

c g 1 1074.327514648438 5181.260742187500 55.312026977539  6.260396957397 6.174145698547 1.608280539513 1

c r 1 1059.589721679688 5202.492675781250 55.178382873535  0.000334396464 0.088956557214 1.665091633797 1

c f 1 1057.104370117188 5221.156738281250 55.191516876221  0.001392233185 0.093561477959 1.661942601204 1

