e 1 2454.303466796875 3215.223876953125 -202.603149414062  0.297500282526 6.176445960999 0.188012138009 1

s 1 2597.116210937500 3263.937988281250 -111.351959228516  0.333801060915 0.352646231651 5.176560401917 0

s 1 2298.041015625000 3332.139648437500 -174.214248657227  0.194411873817 0.115102469921 5.602558612823 0

g 1 2293.076904296875 3175.865966796875 -204.281723022461  0.077617727220 0.226104393601 5.888329982758 0

g 1 2457.391845703125 3400.974609375000 -99.234558105469  6.274900913239 5.903207778931 1.203838706017 0

r 1 2437.076416015625 3269.594726562500 -183.746978759766  0.497452348471 0.130177378654 5.483979225159 1

f 1 2411.773681640625 3242.451904296875 -200.079544067383  0.293892025948 0.093417532742 5.490913391113 1

e 1 2451.277832031250 3234.173583984375 -196.632736206055  0.417328387499 0.373891055584 5.559365272522 1

e 2 3293.503662109375 3160.943847656250 -296.868774414062  0.695590138435 0.912692666054 2.884471654892 1

s 2 3225.900146484375 3291.716308593750 -186.633300781250  5.832346439362 0.336013674736 3.737427234650 0

g 2 3395.924560546875 3382.026855468750 -215.686920166016  5.882630825043 0.215523719788 3.945031404495 0

s 2 3561.352539062500 3243.833740234375 -283.353790283203  6.121846199036 0.409601181746 3.267570018768 0

g 2 3452.640136718750 3109.263671875000 -290.598754882812  5.869455337524 0.202177017927 3.436840295792 0

e 2 3301.696289062500 3148.531738281250 -302.112884521484  5.690586090088 0.051281355321 3.225120544434 1

r 2 3348.048828125000 3218.944580078125 -283.266448974609  6.057883739471 0.240732595325 4.299616336823 1

f 2 3305.886230468750 3189.226562500000 -290.487335205078  6.002833843231 0.289921075106 4.497325897217 1

c e 1 2482.194335937500 3667.726562500000 -99.402488708496  6.069226741791 0.128138020635 4.924675941467 1

c e 1 2482.786621093750 3661.406494140625 -100.223564147949  6.037452220917 0.209978550673 4.716781139374 1

c r 1 2483.410644531250 3649.543945312500 -101.914253234863  6.069058418274 0.125946328044 4.924242019653 1

c s 1 2483.905517578125 3642.133544921875 -102.586196899414  6.003952503204 0.040844328701 4.839665889740 1

c s 1 2486.359375000000 3629.093994140625 -103.487617492676  5.899353504181 0.103391483426 5.154990673065 1

c g 1 2490.201904296875 3596.011962890625 -102.602241516113  5.884893417358 0.033213917166 4.801829814911 1

c g 1 2469.391113281250 3597.709228515625 -91.515655517578  5.265701293945 5.852562904358 5.005145072937 1

c e 2 3404.917480468750 3624.491210937500 -241.866928100586  0.507535398006 6.229650974274 2.100616693497 1

c e 2 3404.519287109375 3624.048583984375 -236.354507446289  0.509821832180 6.240730285645 2.054715156555 1

c r 2 3398.065185546875 3634.070800781250 -240.987762451172  0.113873519003 6.006678581238 2.187509775162 1

c s 2 3395.663818359375 3639.041259765625 -239.841384887695  0.096087574959 6.036655426025 2.175158977509 1

c s 2 3389.837402343750 3648.971435546875 -236.923065185547  0.087607391179 5.990281105042 2.125472784042 1

c g 2 3402.326171875000 3656.843750000000 -238.793014526367  0.093618407845 6.086081027985 2.215507507324 1

c g 2 3411.500000000000 3662.391113281250 -239.904937744141  0.053060054779 6.073723316193 2.160845041275 1

h 1 2333.333251953125 3266.666503906250 2695.955566406250  0.000000000000 -0.000000000000 0.000000174846 1

h 2 3266.666503906250 3266.666503906250 2672.266601562500  0.000000000000 -0.000000000000 4.712388992310 1

u 2 3317.409912109375 3141.082519531250 -308.004302978516  1.059365153313 1.394196152687 2.039555072784 1

u 1 2454.531494140625 3220.376464843750 -201.941116333008  2.884773254395 0.174075812101 3.562940835953 1

