e 1 4453.670898437500 3434.671630859375 -69.187782287598  0.154175460339 6.191368103027 2.941504478455 1

g 1 4355.286621093750 3453.538330078125 -55.780082702637  0.000000000000 -0.000000000000 2.948397397995 0

s 1 4414.483398437500 3578.180419921875 -51.196220397949  0.000000000000 -0.000000000000 2.813301801682 0

s 1 4459.750488281250 3353.325927734375 -51.186721801758  6.282105922699 6.280822277069 3.442926168442 0

e 1 4473.352539062500 3440.945068359375 -68.951896667480  0.000960673089 0.248712733388 3.343416213989 1

g 1 4617.076171875000 3478.824218750000 -55.780086517334  0.000000000000 -0.000000000000 3.233347415924 0

r 1 4537.625000000000 3477.985107421875 -68.297103881836  6.275415420532 0.006938707549 3.292577266693 1

f 1 4538.080566406250 3431.994140625000 -69.392593383789  0.042240440845 6.282550334930 3.303586959839 1

d 1 4472.129394531250 3455.526855468750 -68.713714599609  6.282660484314 0.028440456837 3.548505544662 1

e 1 3793.708251953125 3143.188964843750 -69.313446044922  6.240085124969 6.147608280182 2.929918050766 1

s 1 3713.488281250000 3092.558837890625 -50.996246337891  6.281002998352 0.057028856128 3.399940013885 0

s 1 3760.830322265625 3235.430419921875 -51.175430297852  6.168848037720 0.056215375662 3.548984527588 0

s 1 3715.907958984375 3171.888916015625 -51.171363830566  0.069301441312 0.060262963176 3.501143693924 0

g 1 3887.794189453125 3192.975097656250 -55.780094146729  0.000000000000 -0.000000000000 2.989485025406 0

g 1 3897.990234375000 3105.792968750000 -55.780071258545  0.000000000000 -0.000000000000 3.203603982925 0

e 2 1775.966186523438 2424.312988281250 -68.585441589355  6.044736385345 0.174752309918 6.212244510651 1

s 2 1871.811767578125 2500.214599609375 -56.374298095703  0.043286375701 0.039839293808 0.029911415651 0

s 2 1876.956542968750 2439.842773437500 -56.390411376953  0.056444484740 0.038946118206 0.091705136001 0

s 2 1870.207153320312 2348.476318359375 -58.111030578613  6.223900794983 0.049420904368 0.174314573407 0

g 2 1710.645874023438 2482.535888671875 -53.668834686279  0.000000000000 -0.000000000000 6.228691101074 0

g 2 1695.092285156250 2373.096191406250 -53.638957977295  6.278147697449 0.004831159953 6.237658023834 0

e 2 1205.258422851562 2163.038330078125 -68.789604187012  0.025773419067 0.227529466152 6.066122055054 1

e 2 1202.571899414062 2152.533691406250 -68.844848632812  0.183014288545 6.184404373169 6.054470539093 1

s 2 1252.856567382812 1951.817504882812 -56.410533905029  0.035583887249 0.039362885058 0.079541146755 0

g 2 1313.992309570312 2067.316406250000 -53.668834686279  0.000000000000 -0.000000000000 5.976162910461 0

s 2 1344.842651367188 2143.835937500000 -56.410549163818  0.000000000000 -0.000000000000 5.313593387604 0

r 2 1136.758911132812 2144.219726562500 -68.379531860352  0.022921772674 6.282497882843 5.993737697601 1

f 2 1155.587646484375 2183.016845703125 -69.568717956543  0.000195442466 0.016167026013 6.070451259613 1

g 2 1000.478576660156 2139.136718750000 -53.668842315674  0.000000000000 -0.000000000000 6.127277851105 0

d 2 1177.166748046875 2135.207275390625 -68.983192443848  0.099453836679 6.282630920410 6.126751899719 1

c e 2 1729.956298828125 2399.549316406250 -68.275161743164  0.316087603569 6.147810935974 0.270697623491 1

c e 2 1747.783325195312 2389.643066406250 -68.926773071289  6.076436519623 0.000648483809 0.266639858484 1

c e 1 3852.510498046875 3172.361816406250 -69.352973937988  6.201109409332 6.259630680084 2.907901763916 1

c e 1 3875.928955078125 3189.011474609375 -69.357734680176  0.030275378376 6.160269260406 2.751619100571 1

L 1 3831.474609375000 3186.432861328125 -68.821594238281  6.243859291077 6.239358425140 3.994270324707 1

L 1 3839.614746093750 3128.295654296875 -68.800315856934  6.229122161865 6.250538825989 2.934241533279 1

L 2 1799.676269531250 2478.642089843750 -69.034744262695  0.039823196828 0.001007637475 4.547226428986 1

L 2 1768.524047851562 2457.087158203125 -68.766616821289  6.227899074554 6.183226108551 4.560611724854 1

e 2 754.058715820312 1687.098632812500 10.675034523010  6.173120975494 0.374290823936 1.305216550827 1

g 2 684.113586425781 1853.136840820312 26.331161499023  6.272591114044 0.020089453086 1.085464000702 0

s 2 493.098785400391 1572.801269531250 19.589460372925  6.190250396729 0.054254755378 1.312346339226 0

g 2 882.721252441406 1537.429199218750 33.060256958008  0.010806455277 0.097341507673 0.730543732643 0

s 2 937.997253417969 1814.558593750000 19.589447021484  0.000000000000 -0.000000000000 0.652512192726 0

c p 2 740.958068847656 1751.820312500000 10.512420654297  0.003195024794 0.119709603488 5.587419509888 1

c p 2 745.849914550781 1747.660888671875 10.740094184875  1.666907668114 1.312532544136 1.364625334740 1

c r 2 756.249877929688 1725.008789062500 8.598010063171  0.071477182209 0.386375427246 5.480744838715 1

c f 2 766.049133300781 1697.652221679688 10.587294578552  0.329319000244 6.270435333252 5.497225284576 1

e 1 4833.753906250000 3946.207519531250 15.708949089050  6.053455352783 0.123855181038 4.718249797821 1

g 1 4924.825683593750 3770.982910156250 24.219915390015  6.255160331726 0.019226279110 4.851532459259 0

s 1 4985.202148437500 4063.318847656250 48.097114562988  6.132961273193 0.078494295478 3.684104204178 0

g 1 4692.036132812500 4071.919921875000 29.206073760986  6.248404026031 0.090146057308 3.558166027069 0

s 1 4690.246093750000 3779.030029296875 24.803787231445  0.000000000000 -0.000000000000 4.121395111084 0

c p 1 4834.740722656250 3865.527587890625 10.670789718628  5.947463512421 0.246424332261 2.388550996780 1

c p 1 4830.091796875000 3880.972656250000 8.811608314514  0.066310524940 0.001174793579 2.362290859222 1

c r 1 4825.638183593750 3897.234863281250 9.893025398254  6.277610778809 5.922761440277 2.424220800400 1

c f 1 4835.695312500000 3927.035644531250 12.478110313416  6.155724525452 6.197284698486 2.360128164291 1

h 2 1400.000000000000 2333.333251953125 2588.977783203125  0.000000000000 -0.000000000000 0.463647514582 1

h 1 4200.000000000000 3266.666503906250 2557.800048828125  0.000000000000 -0.000000000000 3.141592741013 1

