r 1 4205.875000000000 4045.238281250000 203.464767456055  6.219863891602 0.067162521183 4.682508945465 1

f 1 4280.923828125000 4083.460205078125 202.941345214844  6.254114151001 0.112326823175 4.690200805664 1

s 1 4049.680419921875 3873.507324218750 316.003723144531  6.005021572113 0.140907123685 3.924494981766 0

s 1 4151.110351562500 4345.074218750000 251.950119018555  6.023420333862 0.013165281154 2.501774787903 0

s 1 4351.885253906250 3892.561035156250 230.768661499023  0.069326236844 6.256804943085 3.964391469955 0

r 2 1620.370483398438 1588.053344726562 145.767745971680  6.201932907104 6.278093814850 1.525122284889 1

f 2 1546.459716796875 1556.973266601562 141.803512573242  6.262888908386 0.022023849189 1.495730996132 1

e 2 1583.881225585938 1609.585693359375 142.909439086914  6.268782615662 6.239357948303 0.550353229046 1

s 2 1774.499389648438 1773.001586914062 265.589477539062  0.037569880486 0.427640408278 0.878291249275 0

s 2 1390.970092773438 1727.921020507812 175.046615600586  6.076990604401 6.219175338745 2.907420396805 0

h 2 1400.000000000000 1400.000000000000 2560.777832031250  0.000000000000 -0.000000000000 0.785398185253 1

h 1 4200.000000000000 4200.000000000000 2543.111083984375  0.000000000000 -0.000000000000 3.926990747452 1

e 1 4179.205078125000 4072.927246093750 206.777786254883  0.011981397867 6.116937637329 2.834206819534 1

u 1 4233.574218750000 4076.600341796875 201.791107177734  1.516021013260 6.266656398773 3.570105314255 1

u 2 1569.319824218750 1583.471069335938 141.358734130859  3.089160919189 4.809256553650 0.262237489223 1

e 1 4191.879394531250 4074.673339843750 205.055023193359  6.273949146271 6.070327281952 2.858581304550 1

g 1 3988.733398437500 4224.523925781250 224.183074951172  6.252550125122 6.260829925537 4.052485466003 0

g 1 4441.149414062500 4062.736083984375 223.416213989258  0.199756205082 0.078236952424 5.454119682312 0

s 1 4364.254394531250 4261.394531250000 233.717544555664  6.270935535431 6.118307113647 0.834450423717 0

c p 1 4228.287597656250 4121.778320312500 205.555007934570  0.315084666014 6.146773338318 4.320683002472 1

c p 1 4215.196289062500 4110.395019531250 204.908142089844  6.172652721405 0.110206343234 4.305329799652 1

c p 1 4195.718261718750 4140.437011718750 204.583847045898  6.189466953278 6.211618900299 4.332813262939 1

e 1 3533.637451171875 3499.163818359375 57.761539459229  6.030850887299 0.135659009218 3.902746677399 1

s 1 3432.050781250000 3400.961669921875 31.316465377808  0.040149956942 0.355892121792 3.915996789932 0

s 1 3690.088378906250 3347.314208984375 52.726654052734  0.153327167034 0.260414153337 5.185348987579 0

s 1 3443.099609375000 3731.679199218750 98.884155273438  6.223170757294 0.389396131039 3.766964673996 0

g 1 3412.116455078125 3554.054931640625 55.398284912109  0.049175351858 0.327694505453 3.743469476700 0

g 1 3688.962646484375 3549.623779296875 121.324287414551  6.201107501984 0.373547941446 3.919196128845 0

e 1 3552.291015625000 3498.423583984375 60.436550140381  6.235539436340 0.251534402370 3.712544679642 1

e 2 2124.349121093750 2333.553710937500 21.639417648315  5.996243953705 0.212933734059 0.891054749489 1

e 2 2115.843750000000 2342.479736328125 19.908813476562  6.137116909027 0.059155777097 0.933841645718 1

s 2 2030.543823242188 2573.669433593750 -17.543142318726  6.061080932617 0.069043919444 1.796938180923 0

s 2 2266.846679687500 2436.924804687500 -26.537328720093  0.076756350696 0.305476486683 0.652740895748 0

s 2 2355.846435546875 2202.274414062500 16.856010437012  6.089231014252 0.101512201130 6.070253372192 0

g 2 2336.639160156250 2337.541015625000 -21.368135452271  6.181085586548 0.358396917582 0.656136453152 0

g 2 1956.415771484375 2373.367675781250 -5.699458599091  0.288769662380 0.446333497763 2.582592725754 0

g 2 1534.858032226562 1832.048583984375 181.883102416992  0.243358626962 0.073494046926 0.507218539715 0

g 2 1732.621826171875 1408.183105468750 179.168487548828  6.116961002350 0.023122482002 0.559631645679 0

s 2 1582.614379882812 1343.664184570312 163.188095092773  6.169769287109 0.001708348747 0.652570009232 0

s 2 1409.143066406250 1484.842163085938 165.657897949219  0.040578652173 0.160682931542 0.613032698631 0

e 2 1560.414428710938 1614.182250976562 142.594161987305  6.187865257263 6.283151626587 0.310053944588 1

c p 2 1607.538452148438 1639.277587890625 146.129577636719  0.070095442235 0.631404042244 0.103589899838 1

c p 2 1626.181640625000 1636.222656250000 146.813491821289  0.363914877176 6.250182151794 0.106343850493 1

c p 2 1637.795043945312 1637.349609375000 147.430480957031  0.330452054739 6.184388637543 0.087841324508 1

