g 2 5149.626464843750 2916.233154296875 575.790222167969  0.755999803543 6.263381004333 3.162592172623 0

s 2 5360.352050781250 2641.859375000000 573.049011230469  0.421516954899 5.549135208130 1.305985689163 0

g 2 5375.375976562500 2918.205810546875 575.790283203125  0.110516496003 5.253650665283 3.836774349213 0

s 2 5137.887695312500 2643.390380859375 573.248474121094  0.229804486036 0.632597625256 2.981650352478 0

r 2 5211.771972656250 2785.667480468750 560.986022949219  0.013468821533 6.281740665436 3.138725280762 1

f 2 5168.348144531250 2783.318359375000 559.639953613281  0.000464762270 6.280196666718 3.188498258591 1

e 1 162.633605957031 2775.645019531250 571.581481933594  0.237086296082 6.137553215027 4.511889934540 1

r 1 160.609161376953 2732.568359375000 572.233276367188  0.007053291425 6.273272037506 0.285595268011 1

f 1 203.907257080078 2748.741943359375 570.665649414062  0.004424029496 6.281253337860 0.289811939001 1

f 1 678.856079101562 3446.520019531250 252.999420166016  6.271039485931 6.282872676849 4.683703422546 1

f 1 675.561523437500 3400.143066406250 252.959320068359  6.274594783783 0.000453924615 4.700864791870 1

f 1 650.055725097656 3443.242675781250 252.888519287109  0.002430513268 0.000415213348 4.633132934570 1

f 1 646.038452148438 3396.963623046875 252.896011352539  0.003014895599 6.282616138458 4.602963447571 1

f 1 639.630310058594 3351.013183593750 252.873535156250  6.282735824585 6.282316207886 4.624721527100 1

f 1 643.267333984375 3304.177978515625 252.885864257812  6.280433177948 0.000199431655 4.672797679901 1

f 1 673.696411132812 3354.146240234375 253.392044067383  0.045451648533 0.000438561547 4.672773838043 1

f 1 671.231262207031 3307.986083984375 252.883987426758  0.000900559360 0.001059661387 1.510136365891 1

f 1 642.561462402344 3257.433593750000 252.926742553711  6.277101993561 6.282831668854 1.595984816551 1

f 1 671.273864746094 3261.786865234375 252.897094726562  6.280891418457 6.282174587250 1.525509238243 1

f 1 639.515869140625 3210.495605468750 253.244964599609  0.031955029815 6.282403945923 1.522072911263 1

f 1 669.388671875000 3211.347900390625 252.868927001953  6.282843112946 0.000553343794 1.543615341187 1

f 1 642.929992675781 3163.387451171875 252.887573242188  6.281028270721 6.282514095306 1.621276497841 1

f 1 670.578186035156 3164.473632812500 252.885528564453  6.282133102417 0.000746881531 1.607482433319 1

f 1 643.792724609375 3116.831787109375 252.905258178711  6.280436515808 6.282021999359 1.572704195976 1

f 1 671.304138183594 3117.886474609375 252.952041625977  6.274962902069 0.000200320326 1.565715432167 1

f 1 643.125244140625 3070.735839843750 252.902343750000  0.002690892201 6.282408714294 1.562050580978 1

f 1 671.013488769531 3070.637451171875 252.883132934570  0.002383631654 0.000315165264 1.538425683975 1

f 1 639.120544433594 3023.562011718750 253.327896118164  6.242767333984 0.000107338179 4.770015716553 1

f 1 673.888488769531 3023.210693359375 252.883529663086  6.281002044678 0.000329688919 1.655683875084 1

f 1 645.007934570312 2977.557373046875 252.886367797852  0.002596833045 6.283008098602 1.661036014557 1

f 1 674.981567382812 2972.765625000000 252.889968872070  0.000892441021 0.001419213368 1.531399488449 1

f 1 674.620788574219 2926.031494140625 252.873977661133  6.281816482544 6.283040046692 1.583400487900 1

f 1 645.901733398438 2931.219970703125 252.875930786133  6.281705379486 0.000236718945 1.644741535187 1

f 1 647.808410644531 2884.764648437500 252.868209838867  0.000258617161 6.282538890839 1.602421879768 1

f 1 675.843688964844 2879.133544921875 253.157241821289  6.257680892944 6.282852649689 1.522585153580 1

f 1 645.310119628906 2837.421386718750 252.904388427734  0.003407568671 0.000569667958 4.623929023743 1

f 1 642.659545898438 2789.730468750000 252.961318969727  6.282732963562 0.004777941853 1.578945994377 1

f 1 639.528259277344 2738.182617187500 252.855133056641  6.282779216766 6.283068180084 1.510881304741 1

f 1 673.733459472656 2832.785888671875 252.878265380859  6.282576560974 0.000970325142 1.545340538025 1

f 1 670.594787597656 2786.826171875000 252.909393310547  6.279543399811 0.000506013166 1.545405864716 1

f 1 668.741882324219 2739.377197265625 252.885589599609  6.280547142029 0.000058286823 1.425135016441 1

f 1 638.615417480469 2692.091796875000 253.271133422852  0.035630721599 0.000092122049 1.516979455948 1

f 1 667.021301269531 2692.243164062500 252.872970581055  0.001488970360 0.000280927896 1.517257809639 1

f 1 665.091125488281 2639.250976562500 253.020568847656  6.268692970276 0.000085995300 4.697179317474 1

f 1 637.882446289062 2642.402343750000 253.247634887695  6.250314235687 6.282825946808 4.656147003174 1

f 1 661.334106445312 2592.167480468750 252.893814086914  0.002748003695 0.000333622156 1.464582085609 1

f 1 665.180175781250 2545.339111328125 252.914993286133  0.004735110793 0.000483275711 1.496548056602 1

f 1 664.331970214844 2495.881591796875 252.955703735352  6.281806468964 6.279109477997 1.546620011330 1

f 1 635.626037597656 2596.611328125000 255.044540405273  0.117716088891 0.000096857199 1.665047526360 1

f 1 636.641967773438 2548.064208984375 253.327545166016  0.040151126683 0.000327345479 1.524898767471 1

f 1 636.632751464844 2501.894531250000 253.225692749023  0.031612593681 0.000160368640 1.527575254440 1

f 1 632.443786621094 2455.474121093750 253.218002319336  6.252493381500 0.000088013214 4.742743015289 1

f 1 661.722045898438 2449.320068359375 252.986373901367  0.011727418751 0.000008804975 1.507125973701 1

f 1 658.452209472656 2403.237548828125 252.945281982422  6.282382965088 6.279339313507 1.496237397194 1

f 1 633.576660156250 2409.227539062500 254.131576538086  0.095929846168 6.281333446503 1.593811035156 1

f 1 636.329650878906 2356.782958984375 253.356872558594  0.042536403984 6.282915115356 1.650394797325 1

f 1 664.595764160156 2355.918212890625 252.880859375000  0.002119554207 0.000014755409 1.630674958229 1

f 1 669.169006347656 2308.899414062500 252.872222900391  6.281523227692 6.283113002777 1.531304478645 1

f 1 639.665466308594 2310.655517578125 252.882003784180  6.280922889709 6.282812118530 1.635208129883 1

f 1 633.844238281250 2263.891845703125 253.311843872070  6.244405746460 6.282945632935 4.774635314941 1

f 1 664.806701660156 2254.298583984375 252.869750976562  6.282979488373 0.000885785092 1.416260838509 1

f 1 638.060241699219 2210.530029296875 253.235092163086  0.031823456287 0.000438473653 1.517572164536 1

f 1 669.872253417969 2204.837402343750 252.874862670898  0.000706829887 6.282438278198 1.497279047966 1

f 1 666.907287597656 2158.966796875000 252.947738647461  6.275819778442 0.000528446806 1.495023369789 1

f 1 638.331481933594 2163.112304687500 253.312423706055  0.038812398911 0.000339429738 1.558778762817 1

f 1 635.224975585938 2116.526611328125 253.041519165039  6.267444133759 6.282829761505 1.574002504349 1

f 1 663.498107910156 2112.163818359375 253.058609008789  6.277854919434 6.276444911957 1.566026806831 1

f 1 987.015319824219 4837.105957031250 2.402942657471  0.025815209374 6.283154487610 6.193781852722 1

f 1 1035.973022460938 4835.796386718750 2.789222955704  6.281308174133 6.251640319824 3.164774894714 1

f 1 1084.958862304688 4838.101074218750 2.530509948730  6.256273746490 0.005288343877 3.329107284546 1

f 1 1423.899658203125 4783.625976562500 2.136886835098  6.280490398407 0.000320555468 4.640587329865 1

f 1 1424.323364257812 4736.304199218750 2.298094272614  6.277323246002 6.276983737946 4.636483192444 1

f 1 1416.989624023438 4689.904296875000 2.178738832474  6.281451702118 0.002848946024 1.474377036095 1

f 1 1859.733276367188 5050.547363281250 2.714624643326  6.271803379059 6.260622978210 0.000358109362 1

f 1 1908.380126953125 5051.117675781250 2.431286573410  0.027278313413 0.000511263730 2.999218702316 1

f 1 1958.880249023438 5053.062500000000 2.479231834412  6.281222343445 6.266234874725 3.296671628952 1

f 1 2338.289794921875 4489.357910156250 2.450602293015  6.276229381561 0.012759458274 6.222523212433 1

f 1 2326.343994140625 4520.230957031250 2.402628421783  0.024770041928 0.000661972677 6.231684684753 1

f 1 2372.691406250000 4515.384765625000 2.177867174149  6.278366088867 6.282046794891 3.046862840652 1

f 1 2385.306884765625 4485.515625000000 2.464975833893  0.029059054330 0.001135042054 3.167108297348 1

f 1 2431.965576171875 4486.472167968750 2.324155330658  6.271156311035 0.004056766164 3.148346900940 1

f 1 2421.428955078125 4517.972167968750 2.165972232819  6.278874397278 6.282443046570 3.284117698669 1

f 1 2999.472167968750 4524.749511718750 2.435696125031  0.024589912966 6.281088352203 0.002013159916 1

f 1 2999.672851562500 4494.658203125000 2.397425889969  0.003465684596 6.270843982697 6.262844085693 1

f 1 3046.871826171875 4484.900878906250 2.493409156799  0.033098205924 0.000259714667 2.920522928238 1

f 1 3047.263427734375 4524.376464843750 2.579563617706  6.244409084320 0.000960076402 3.056684255600 1

f 1 3095.452880859375 4531.956542968750 2.587570190430  6.255252838135 0.007656113710 3.224793910980 1

f 1 3095.472167968750 4481.466308593750 2.567013502121  0.028273453936 0.006349782459 3.095906257629 1

f 1 3468.152587890625 4876.259277343750 2.612451553345  6.279185771942 6.261201858521 3.122996330261 1

f 1 3420.112548828125 4878.210937500000 2.896341323853  6.281265258789 6.246382713318 0.021649392322 1

f 1 3372.412841796875 4877.521484375000 2.680012702942  0.000418731332 6.255916118622 6.282152652740 1

f 1 4003.382568359375 4563.303222656250 2.295010566711  0.001177931554 0.008480008692 4.699027061462 1

f 1 4003.985839843750 4517.225097656250 2.102433204651  6.283180713654 0.000124189537 1.563792347908 1

f 1 4004.389892578125 4469.640136718750 2.243088960648  0.011174121872 6.282423973083 1.618212461472 1

f 1 3995.179443359375 4421.448730468750 2.136350393295  0.001588018262 6.282209396362 1.430831909180 1

f 1 4056.665527343750 3957.643798828125 2.642917156219  6.277869224548 6.260440349579 6.246554851532 1

f 1 4103.459472656250 3959.812744140625 2.489960670471  0.007869726047 6.269050121307 3.150699615479 1

f 1 4151.037597656250 3961.673828125000 2.469370126724  6.252214908600 0.000147253581 3.226159334183 1

f 1 4197.740722656250 3967.588867187500 2.416792392731  6.265188217163 6.278065681458 3.258235216141 1

f 1 2121.027343750000 3832.205322265625 2.217245578766  6.273761272430 6.282740116119 4.666205883026 1

f 1 2118.109863281250 3785.800781250000 2.556313276291  0.038816023618 6.283013343811 4.690813064575 1

f 1 2116.549804687500 3738.752441406250 2.137297868729  0.002639983315 6.282725811005 4.662140369415 1

f 1 2084.897705078125 3735.265380859375 2.145503520966  0.002940709470 0.000543013797 1.522686719894 1

f 1 2087.179931640625 3782.864990234375 2.229710102081  0.010341304354 6.282655239105 1.522680163383 1

f 1 2089.468994140625 3828.845703125000 2.130507469177  0.002220716327 6.282910346985 1.523113608360 1

f 1 2381.414794921875 3565.960937500000 2.415316820145  6.276827335358 0.011384677142 6.267958641052 1

f 1 2428.350585937500 3565.064941406250 2.725515365601  6.272957324982 0.023839060217 6.264284133911 1

f 1 2334.083740234375 3566.855957031250 2.882016658783  0.000172394881 6.246411800385 6.274375915527 1

f 2 3005.909179687500 3563.662353515625 2.859571456909  0.001823529718 6.246086120605 0.017923451960 1

f 2 3050.987060546875 3564.455566406250 2.838592052460  0.001977306558 6.247324943542 3.116940736771 1

f 2 3095.309814453125 3562.669433593750 2.681457519531  6.268419265747 6.263190746307 3.123978853226 1

f 2 3258.850097656250 3789.265380859375 2.542375564575  0.036504663527 6.283106327057 1.528813362122 1

f 2 3263.450683593750 3834.344482421875 2.532081604004  6.247460842133 0.000205446238 4.837277889252 1

f 2 3293.979736328125 3796.679687500000 2.675486803055  6.276035785675 0.024309381843 1.478016018867 1

f 2 3297.739257812500 3840.151611328125 2.208431482315  0.005755371880 0.001219662605 4.569677352905 1

f 2 3265.643798828125 3877.833007812500 2.143887042999  0.002165840939 0.000009755576 4.828413486481 1

f 2 3303.291748046875 3884.157714843750 2.595331430435  0.031705524772 0.005753400270 4.673110961914 1

f 2 3258.147949218750 2964.102539062500 2.615668058395  0.042037069798 6.282574176788 1.452490568161 1

f 2 3303.790039062500 2958.638183593750 2.570738315582  6.245694160461 0.000844832917 1.563234329224 1

f 2 3304.214599609375 3001.500488281250 2.583596229553  0.038551267236 0.000804498908 4.720247268677 1

f 2 3262.777343750000 3008.149169921875 2.137428522110  6.282968044281 6.282108783722 4.711574554443 1

f 2 3271.934082031250 3052.865966796875 2.261916160583  6.280843257904 6.277089595795 4.670158863068 1

f 2 3266.955810546875 3095.916503906250 2.132865667343  6.282243728638 0.000371401315 4.669399738312 1

f 2 3302.402832031250 3054.920410156250 2.531748771667  6.247623920441 0.000233713086 1.571015119553 1

f 2 3300.965820312500 3099.387939453125 2.539745569229  0.036207266152 0.000124460727 4.639757633209 1

f 2 3266.962890625000 3139.810058593750 2.130144357681  6.282921791077 0.000694010581 4.751485347748 1

f 2 3303.925048828125 3142.829833984375 2.526526212692  0.035148184747 6.283098220825 4.691203117371 1

f 2 3298.915771484375 3186.617919921875 2.163763999939  0.003150836332 0.000737296708 4.794296264648 1

f 2 3267.172119140625 3198.848144531250 2.344569683075  0.000017966040 0.011570012197 4.758389949799 1

f 2 3270.142578125000 3242.978027343750 2.270664930344  0.000351059018 0.007835531607 4.634592533112 1

f 2 3303.571289062500 3231.579101562500 2.587864637375  0.040417123586 6.283050537109 4.583027362823 1

f 2 3298.959228515625 3275.741455078125 2.191735744476  0.005943443626 0.000406501698 4.681147575378 1

f 2 3269.787841796875 3289.450439453125 2.153575181961  6.280059814453 6.283052444458 1.672151803970 1

f 2 3303.250000000000 3318.877197265625 2.540746688843  0.036064818501 0.000210262107 4.711040019989 1

f 2 3271.375000000000 3333.445556640625 2.172873497009  0.002888609190 6.282099246979 4.723124504089 1

f 2 3299.961425781250 3361.991943359375 2.275758504868  6.283071994781 6.275062084198 4.743426799774 1

f 2 3268.864257812500 3377.293457031250 2.207279205322  0.000209240374 0.004556175787 4.729497909546 1

f 2 3294.922851562500 3405.919189453125 2.150105237961  6.280982971191 0.000417242089 4.862224578857 1

f 2 3264.545410156250 3420.846679687500 2.135203599930  0.001219937694 0.000119342556 4.662017822266 1

f 2 2346.560302734375 2779.558349609375 381.529815673828  6.276485443115 0.008143546060 6.253430366516 1

f 2 2389.494384765625 2779.246826171875 381.677490234375  0.012793725356 0.011981822550 3.111884355545 1

f 2 2432.323486328125 2775.880859375000 381.354339599609  6.281545639038 6.280654430389 3.110740661621 1

f 2 2467.572753906250 2779.824218750000 193.625411987305  1.472531199455 5.011627197266 1.635782241821 1

f 2 2518.532226562500 2778.011474609375 2.476166248322  0.031194560230 0.000025241070 3.075906991959 1

f 2 2562.098632812500 2778.033935546875 2.421866893768  6.270003318787 6.275247573853 3.136329650879 1

f 2 2610.789062500000 2778.025390625000 2.568608522415  6.272423744202 0.016725877300 3.121281623840 1

f 2 2653.910156250000 2779.589599609375 2.160864114761  6.282211780548 6.281503677368 3.134290933609 1

f 2 2696.884277343750 2777.407226562500 2.140898466110  0.001725524780 6.282889842987 3.149515151978 1

f 2 2740.260009765625 2777.659667968750 2.135738611221  0.001378837624 0.000308974471 3.110423088074 1

f 2 2785.869628906250 2778.497070312500 2.559015035629  0.036329079419 0.001132621430 3.120517969131 1

f 2 2829.589599609375 2779.689453125000 2.156337022781  0.003161496250 6.283143520355 3.190357923508 1

f 2 2872.514892578125 2778.590820312500 381.001342773438  0.006849392317 0.023031996563 3.187879800797 1

f 2 2915.497314453125 2781.117431640625 381.421905517578  0.005174088292 6.279088497162 3.176553726196 1

f 2 2959.095458984375 2781.772460937500 381.691650390625  6.253819942474 0.003617231036 3.171497583389 1

f 2 3003.158447265625 2783.570312500000 375.088531494141  0.015418387949 6.283121109009 3.100183963776 1

f 1 4539.794921875000 2784.034912109375 2.615846633911  0.024935945868 6.272645950317 6.239753723145 1

f 1 4494.207031250000 2782.202392578125 2.498496294022  0.033932860941 6.283022403717 6.282519340515 1

f 1 4446.787109375000 2781.502441406250 2.552449941635  0.038439765573 6.283107757568 6.229344844818 1

f 1 4006.735107421875 2778.621582031250 2.628490924835  6.273297786713 0.019530527294 0.007696264423 1

f 1 3960.714843750000 2777.777587890625 2.635374784470  0.025754353032 0.011117344722 0.009159800597 1

f 1 3913.983398437500 2777.229736328125 2.782444477081  0.010608877055 6.256871223450 0.006395176519 1

f 1 3304.926513671875 2165.470703125000 2.569416522980  0.039565358311 6.282958507538 4.680433273315 1

f 1 3276.526855468750 2157.854980468750 2.205716371536  6.274205207825 0.000182464966 4.694544315338 1

f 1 3278.307617187500 2203.823242187500 2.131853342056  0.002212230815 0.000141284094 4.694625377655 1

f 1 3303.396728515625 2211.929687500000 2.640155553818  0.042222987860 6.281188964844 4.662621974945 1

f 1 3270.213867187500 2250.006591796875 2.108233690262  0.000304487097 6.282893657684 4.695854663849 1

f 1 3299.942138671875 2258.875976562500 2.151788711548  6.278503894806 6.283110618591 4.741570949554 1

f 1 3271.744873046875 2297.564941406250 2.114860296249  0.001061036135 0.000250648387 4.732358932495 1

f 1 3299.853759765625 2305.541015625000 2.110360622406  6.283183097839 6.282793998718 4.791549205780 1

f 1 3298.304443359375 2352.929199218750 2.135253190994  0.002975264098 6.283144950867 4.685984134674 1

f 1 3299.369628906250 2400.575195312500 2.613766193390  0.043561324477 6.283143997192 4.640478610992 1

f 1 3296.583496093750 2447.862792968750 2.104612112045  6.282775878906 0.000019280540 4.743538379669 1

f 1 3266.562744140625 2356.279541015625 2.148204088211  0.003337117378 6.282593727112 1.552856922150 1

f 1 3269.532958984375 2402.945800781250 2.127985715866  0.002193388063 6.282996654510 4.752652168274 1

f 1 3035.384765625000 1990.757690429688 2.691932916641  6.281295776367 0.027121428400 3.149622678757 1

f 1 3081.717285156250 1991.919433593750 2.768146038055  6.268887042999 6.259511947632 3.161072731018 1

f 1 3129.820068359375 1989.321533203125 2.909029483795  0.018094995990 6.254985809326 3.059844017029 1

f 1 2376.192626953125 1988.648559570312 2.735423803329  0.012110978365 0.023266617209 3.095664978027 1

f 1 2422.139648437500 1989.118530273438 2.454142570496  0.029842192307 6.283004283905 3.127631187439 1

f 1 2469.438232421875 1987.731689453125 2.554601192474  6.272007465363 6.263821125031 3.174486637115 1

f 2 3269.116210937500 2447.390136718750 2.261444330215  6.281711101532 0.006300268695 4.763585567474 1

f 2 3266.563476562500 2490.462402343750 2.161563634872  0.003026996041 0.000189170270 4.737970829010 1

f 2 3294.122558593750 2492.253906250000 2.227205038071  0.008012620732 0.000994828297 4.748378276825 1

f 2 3264.075439453125 2533.311523437500 2.142291307449  6.281027317047 0.000014570034 4.751283645630 1

f 2 3293.284912109375 2543.569091796875 2.178958654404  6.279673576355 0.001212253934 4.746650695801 1

f 2 3295.197021484375 2586.483642578125 3.037673473358  0.000565787894 6.236216545105 4.746709346771 1

f 2 3266.289062500000 2580.910156250000 2.175444364548  0.004053218756 0.000501871575 4.671356678009 1

f 2 3268.116699218750 2623.839599609375 2.238112926483  6.279184341431 6.279284954071 4.682014465332 1

f 2 3297.464111328125 2629.946289062500 2.140090942383  6.281706333160 6.283086299896 4.772990703583 1

f 2 3495.928222656250 2776.658935546875 50.922336578369  6.274756431580 0.021564096212 0.024237843230 1

f 2 3452.660400390625 2777.126953125000 80.417144775391  6.268214225769 0.000373290502 0.045549467206 1

f 2 3407.038085937500 2775.970458984375 113.053436279297  6.278137207031 6.248545169830 6.258929729462 1

f 2 3362.582519531250 2776.801757812500 143.856674194336  6.281186580658 6.258291244507 6.262845516205 1

f 2 3147.773925781250 1070.995727539062 2.498279809952  0.028273152187 6.280497550964 0.004875835031 1

f 2 3104.249755859375 1072.549682617188 2.603862762451  0.035144861788 6.279088497162 6.240292072296 1

f 2 3148.132812500000 1037.541503906250 2.494191884995  0.004009323195 0.016856638715 6.184179306030 1

f 2 3105.293701171875 1045.036010742188 2.413512229919  6.258192062378 6.282667636871 6.221372127533 1

f 2 3061.861572265625 1045.449462890625 2.192059040070  6.280174732208 6.281175136566 6.179025173187 1

f 2 3058.909423828125 1075.462158203125 2.662237644196  0.047175347805 0.000047228921 6.093186378479 1

f 2 3018.949707031250 1052.203125000000 2.223564147949  6.273833751678 6.283147811890 6.225843906403 1

f 2 3015.105468750000 1083.654663085938 2.684036970139  0.030486408621 0.011092736386 6.173219680786 1

f 2 2475.910156250000 1027.377685546875 2.256195783615  0.016597107053 0.001342410455 0.037669282407 1

f 2 2478.425781250000 1059.836914062500 2.503276824951  6.270203113556 6.266608715057 6.277425765991 1

f 2 2432.888183593750 1028.422607421875 2.479544162750  6.249307632446 0.002163909608 6.262166976929 1

f 2 2388.925537109375 1030.159423828125 2.505193471909  6.250481605530 6.282729625702 0.027374191210 1

f 2 2433.659912109375 1057.485717773438 2.107247352600  6.282101154327 0.003563467646 6.169543743134 1

f 2 2389.455810546875 1057.768188476562 2.222790241241  0.003147516167 6.279547214508 6.281907081604 1

f 2 2121.283203125000 2605.233886718750 2.525689125061  6.247855663300 6.283116340637 1.442525386810 1

f 2 2090.393066406250 2604.906250000000 2.119373083115  6.283159255981 6.282866001129 1.634186267853 1

f 2 2120.982666015625 2561.397705078125 2.454808950424  6.254167556763 0.000074674826 1.517190933228 1

f 2 2091.672851562500 2561.938232421875 2.163406133652  0.003679420566 6.282914638519 1.622769832611 1

f 2 2089.717773437500 2518.750000000000 2.169975757599  6.278944969177 6.282881736755 1.599092483521 1

f 2 2118.189941406250 2517.480224609375 2.553399324417  6.245998859406 0.000195272645 1.609323620796 1

f 2 2117.199218750000 2473.607910156250 2.223882913589  0.002283341717 0.004160936922 1.519714832306 1

f 2 2084.894531250000 2475.173583984375 2.122196674347  6.283122062683 6.283004283905 1.522061109543 1

f 2 2115.497802734375 2430.758056640625 2.144549608231  0.001730587683 6.282637119293 1.509582161903 1

f 2 2088.067871093750 2432.148437500000 2.172401189804  6.279124736786 0.000462678086 1.532070279121 1

f 2 2112.401611328125 2387.955078125000 2.156552314758  6.279978752136 6.282854080200 1.493361115456 1

f 2 2084.649902343750 2389.486816406250 2.192772865295  0.006107536610 0.000149196683 1.535953879356 1

f 2 2111.823486328125 2344.248046875000 2.148196220398  0.000858453219 6.281923294067 1.573830723763 1

f 2 2083.109619140625 2346.190917968750 2.160048246384  0.003342659213 0.000326427107 1.574982404709 1

f 2 2109.820312500000 2301.321777343750 2.133901357651  6.282793521881 0.000766323355 1.564543008804 1

f 2 2082.094482421875 2302.862548828125 2.156240701675  6.280356407166 6.282796859741 1.524789810181 1

f 2 2113.340332031250 2257.685302734375 2.124093532562  0.000604554079 0.000176718910 1.646044373512 1

f 2 2081.566162109375 2259.897949218750 2.138419151306  0.000535873638 0.000744203047 1.510257959366 1

f 2 2114.035644531250 2213.218994140625 2.197664499283  0.005623781588 0.000904955145 1.514621019363 1

f 2 2086.687255859375 2216.528320312500 2.165516138077  0.004380729515 0.000079770871 1.512623071671 1

f 2 2110.314208984375 2170.358154296875 2.150483846664  0.002005039249 0.000674267008 1.489492654800 1

f 2 2079.799316406250 2172.578369140625 2.556359052658  6.245689392090 6.282961368561 4.569106578827 1

f 2 2078.520263671875 2945.293457031250 2.477083921432  6.262823581696 6.276993751526 4.640025138855 1

f 2 2120.424072265625 2940.813720703125 2.293396472931  6.269065856934 0.000739273790 4.709657192230 1

f 2 2121.083007812500 2983.508056640625 2.677207231522  0.048499055207 6.283164024353 4.762426376343 1

f 2 2091.223388671875 2987.378906250000 2.202828645706  6.277412891388 6.282403945923 4.615153789520 1

f 2 2122.940429687500 3027.790527343750 2.546778440475  0.036258965731 0.000172294036 4.633818149567 1

f 2 2095.929931640625 3031.733886718750 2.188041210175  0.003125323215 0.001616811729 4.640801429749 1

f 2 2091.315429687500 3074.937011718750 2.412749767303  0.000059365186 6.267977714539 4.644867897034 1

f 2 2118.275634765625 3073.084228515625 2.125956058502  0.000164972473 6.282651901245 4.636978626251 1

f 2 2089.287109375000 3118.050292968750 2.135252475739  0.001177264261 0.000188815393 4.641153812408 1

f 2 2117.363281250000 3116.872070312500 2.540055513382  0.034593291581 6.281915187836 4.704595565796 1

f 2 2088.954101562500 3162.561279296875 2.196822643280  0.003701596987 6.281291007996 4.786329269409 1

f 2 2116.541503906250 3160.435302734375 2.206969738007  0.000605207693 6.278789997101 4.761203765869 1

f 2 2114.449707031250 3203.719726562500 2.162559986115  0.002945607062 0.000537885178 4.806646347046 1

f 2 2085.493896484375 3206.114746093750 2.142182111740  6.280770301819 0.000023234388 4.709663867950 1

f 2 2084.443115234375 3249.521972656250 2.151919841766  0.002914885292 0.000026998076 4.763576984406 1

f 2 2113.705078125000 3248.533935546875 2.150900602341  6.280448436737 6.283130645752 4.651675701141 1

f 2 2113.563476562500 3291.891357421875 2.176036834717  0.002839663997 0.001393045997 4.702762126923 1

f 2 2086.017578125000 3292.762695312500 2.155755043030  6.281190872192 6.282413959503 4.732684135437 1

f 2 2117.525390625000 3334.887695312500 2.158057451248  0.000844924594 0.001569797168 4.672877788544 1

f 2 2089.334716796875 3336.753417968750 2.163091182709  6.280972003937 6.282009601593 4.616409778595 1

f 2 2120.092285156250 3378.702636718750 2.468946456909  0.030145041645 6.283012866974 4.679784297943 1

f 2 2092.006591796875 3379.656738281250 2.138092517853  0.000602371059 0.000555571343 4.633327960968 1

f 2 811.243896484375 2777.797851562500 2.942945480347  0.001235752599 0.041588798165 3.144624471664 1

f 2 854.339111328125 2778.493896484375 2.712445259094  0.015431730077 6.262053966522 3.124683856964 1

f 2 898.679504394531 2776.432373046875 2.944405078888  6.270088195801 6.248858928680 3.178998708725 1

f 2 1415.378051757812 2779.692871093750 2.774150848389  0.016056181863 0.023982178420 6.245496273041 1

f 2 1369.571655273438 2779.043457031250 2.775664091110  0.002051456831 6.250573635101 0.054002448916 1

f 2 1819.324829101562 2779.731933593750 109.273429870605  0.007816329598 0.044806979597 3.165755748749 1

f 2 1862.283813476562 2780.918701171875 137.275024414062  0.014925509691 0.021475227550 3.183441877365 1

f 2 1906.577392578125 2780.294189453125 166.571243286133  6.249021053314 0.000639984384 3.264023303986 1

f 2 1324.164062500000 2781.048095703125 2.660691499710  0.029481908306 0.010450468399 6.217832565308 1

f 2 4751.636718750000 2117.375244140625 247.030456542969  0.007906010374 0.000087846631 4.744487762451 1

f 2 4787.954101562500 2113.712158203125 246.967208862305  6.282377719879 0.000997852185 4.743055343628 1

f 2 4786.579101562500 2156.797363281250 246.976806640625  6.281139850616 0.000511937134 4.735038757324 1

f 2 4754.514160156250 2160.752929687500 246.981964111328  6.282121181488 0.001222731313 4.777622699738 1

f 2 4760.234863281250 2204.543457031250 246.958190917969  6.282006740570 6.283052444458 4.674912452698 1

f 2 4788.236816406250 2200.717285156250 247.006195068359  6.277567863464 0.000053477328 4.649687767029 1

f 2 4759.974609375000 2247.469970703125 246.993545532227  6.279230117798 6.283120632172 4.689012050629 1

f 2 4787.823242187500 2244.072509765625 246.960372924805  6.282080173492 0.000354686141 4.625713348389 1

f 2 4760.354980468750 2290.315185546875 246.967407226562  6.282382488251 0.001096148626 4.689172744751 1

f 2 4790.463867187500 2287.640380859375 247.287948608398  0.028093852103 0.001204162254 4.572322845459 1

f 2 4763.540039062500 2333.679687500000 246.980239868164  6.282561779022 6.281808853149 4.745550155640 1

f 2 4791.407226562500 2331.362548828125 247.297195434570  0.030497901142 6.283004283905 4.652862548828 1

f 2 4790.111328125000 2374.353515625000 247.003860473633  6.278358936310 0.000250430312 4.672928810120 1

f 2 4763.095703125000 2377.289306640625 246.947631835938  6.283150196075 0.000264162081 4.676683425903 1

f 2 4758.729492187500 2420.328125000000 246.972732543945  0.000124897590 6.281598091125 4.685914993286 1

f 2 4786.971191406250 2419.914550781250 246.958328247070  6.282916069031 6.282365322113 4.726372241974 1

f 2 4759.182617187500 2463.889892578125 246.981628417969  6.283053874969 6.281254291534 4.743078708649 1

f 2 4786.887695312500 2463.008300781250 246.975219726562  0.002274052706 0.000342072832 4.709601402283 1

f 2 4759.103027343750 2506.823486328125 246.982147216797  0.000331313728 6.281329154968 4.757548809052 1

f 2 4787.400390625000 2506.011230468750 246.958999633789  0.001062175725 6.282844066620 4.694725513458 1

f 2 4759.225585937500 2549.856689453125 247.009277343750  0.003948437516 6.282149314880 4.767029762268 1

f 2 4787.458496093750 2548.986816406250 246.959823608398  6.282143115997 0.000186711331 4.703802108765 1

f 2 4760.660644531250 2592.987548828125 246.981582641602  0.003070129314 6.283092975616 4.753753662109 1

f 2 4788.866210937500 2592.760009765625 246.983657836914  6.280044555664 0.000291819073 4.661277294159 1

f 2 4763.985839843750 2636.660156250000 246.942504882812  0.000182956530 0.000177808746 4.681360244751 1

f 2 4759.536621093750 2681.445800781250 246.974670410156  6.281127929688 6.282612800598 4.752748966217 1

f 2 4791.332031250000 2636.022949218750 246.999359130859  6.278721332550 6.282954692841 4.637128353119 1

f 2 4789.789550781250 2679.640869140625 247.425048828125  0.040330111980 0.001026145532 4.699677467346 1

f 2 4760.541015625000 2724.995605468750 246.970001220703  0.000380749727 0.000984956161 4.693437099457 1

f 2 4787.310058593750 2726.453369140625 246.963531494141  0.001024059718 0.000223656330 4.718452453613 1

f 2 4761.315429687500 2768.135986328125 246.963104248047  6.282272338867 6.282428264618 4.659222602844 1

f 2 4788.637207031250 2769.332519531250 246.998916625977  6.278485774994 6.283043384552 4.711494445801 1

f 2 4763.288574218750 2811.822753906250 246.952850341797  0.000596872123 0.000359409489 4.734707832336 1

f 2 4790.009765625000 2813.485595703125 247.238021850586  0.025237668306 0.000209665333 4.598606586456 1

f 2 4761.205078125000 2854.800292968750 246.964065551758  6.281794548035 0.000334118784 4.718804836273 1

f 2 4788.644531250000 2857.476318359375 247.353042602539  0.033726289868 0.001116724452 4.688532829285 1

f 2 4760.623535156250 2899.376953125000 246.952407836914  0.000250181591 6.282581806183 4.736322879791 1

f 2 4787.337402343750 2901.305908203125 247.475692749023  0.044447015971 0.000930038805 4.747320175171 1

f 2 4759.384765625000 2943.156982421875 246.966705322266  6.282137870789 0.000132714704 4.745446205139 1

f 2 4786.502929687500 2944.288574218750 246.980545043945  0.001041893498 0.001249022665 4.736871242523 1

f 2 4758.065917968750 2986.180908203125 246.984649658203  0.003211083123 0.000373496063 4.760387897491 1

f 2 4785.446289062500 2987.116943359375 246.952316284180  6.282670974731 0.000318767125 4.741684436798 1

f 2 4786.208984375000 3030.191162109375 246.950408935547  0.000815914536 6.282956123352 4.725942611694 1

f 2 4758.091796875000 3029.715576171875 246.990722656250  6.280084133148 6.282738208771 4.706379890442 1

f 2 4787.287597656250 3073.145507812500 246.972976684570  0.002801831113 0.000083542662 4.718588352203 1

f 2 4759.134277343750 3072.461425781250 246.958908081055  6.282982826233 6.282302856445 4.709117889404 1

f 2 4760.549316406250 3115.327880859375 247.036285400391  0.005792479496 0.001268083695 4.700148582458 1

f 2 4787.465820312500 3116.265380859375 246.953628540039  6.283083438873 6.282861709595 4.734323978424 1

f 2 4788.156738281250 3159.697998046875 247.271789550781  0.025528918952 0.001745624933 4.685327053070 1

f 2 4760.653320312500 3160.096923828125 246.958572387695  0.000184365941 0.000581099943 4.705770015717 1

f 2 4761.701660156250 3203.216308593750 246.949203491211  0.000212922299 6.282836914062 4.677535057068 1

f 2 4788.029785156250 3202.857177734375 247.316284179688  0.032372828573 0.000012179367 4.662704944611 1

f 2 4789.635742187500 3245.871582031250 247.269729614258  0.027650121599 6.282956123352 4.641669273376 1

f 2 4762.027832031250 3246.135986328125 246.953689575195  0.000736102578 0.000346392248 4.664515495300 1

f 2 4761.647949218750 3289.354736328125 246.953506469727  0.000067108595 6.282585620880 4.692804336548 1

f 2 4789.485351562500 3331.930664062500 247.074813842773  6.272959232330 6.282200336456 4.637044429779 1

f 2 4755.051757812500 3331.716552734375 246.965332031250  6.281420707703 0.000410310779 4.648458003998 1

f 2 4790.644042968750 3375.213378906250 246.992492675781  6.279712677002 0.000578776526 4.626962184906 1

f 2 4787.835937500000 3288.941406250000 247.281005859375  0.029081303626 6.282980918884 4.638179779053 1

f 2 4761.290527343750 3375.257324218750 246.969177246094  0.002495616907 0.000161263073 4.740497112274 1

f 2 4759.068847656250 3418.269775390625 246.949600219727  6.282999038696 6.283003807068 4.762690544128 1

f 2 4791.743164062500 3419.623291015625 246.968536376953  6.280971050262 6.282915115356 4.670892238617 1

e 2 5254.224121093750 2780.452880859375 560.716186523438  0.212264031172 6.168088436127 4.253268241882 1

s 1 61.166606903076 2650.452880859375 589.279846191406  0.745760381222 6.235431194305 4.764021396637 0

s 1 250.798004150391 2654.526367187500 589.279907226562  5.526560306549 0.003017976880 4.715585708618 0

g 1 242.715454101562 2910.183105468750 584.696044921875  0.121687769890 0.108777739108 3.572402000427 0

g 1 55.470340728760 2931.521972656250 579.974243164062  0.465381592512 5.283898830414 4.922520637512 0

