e 1 1493.403198242188 1939.051025390625 -428.944702148438  1.630356311798 6.179666519165 1.497984766960 1

e 1 1488.472900390625 1942.819580078125 -428.643127441406  1.941847443581 6.264688491821 1.436248540878 1

e 1 1481.684814453125 1956.249755859375 -424.864196777344  0.842794060707 0.455729544163 1.533103227615 1

e 1 2227.894042968750 1948.235839843750 -428.284973144531  4.352841854095 0.450451046228 1.216316461563 1

e 1 2237.814941406250 1944.938964843750 -424.434082031250  5.415015220642 0.313686132431 1.616212129593 1

e 1 2234.897216796875 1962.402587890625 -426.011169433594  5.460278034210 0.574705958366 1.697045683861 1

s 1 2287.789794921875 2029.791137695312 -388.553802490234  0.023423638195 0.156228825450 1.244547486305 0

s 1 2139.010498046875 2024.699340820312 -387.957519531250  6.251718997955 0.154073700309 1.068887710571 0

s 1 2022.018432617188 2007.960327148438 -386.996368408203  0.022074799985 0.131521284580 0.974570274353 0

s 1 1691.948486328125 2024.949218750000 -388.183471679688  6.133272647858 6.197225570679 1.296599507332 0

s 1 1606.453735351562 2030.524658203125 -388.810607910156  0.069436185062 0.046876065433 1.263924717903 0

s 1 1426.942260742188 2022.719604492188 -387.935943603516  6.264116764069 6.271257877350 0.377299517393 0

g 1 1950.711303710938 1909.452758789062 -488.607910156250  0.270985990763 5.736395359039 2.382798194885 0

g 1 1758.970336914062 1883.566894531250 -476.839233398438  0.130802795291 5.679637432098 1.103955030441 0

g 1 1648.957031250000 2103.093261718750 -496.138031005859  0.750503003597 6.190742969513 0.807625830173 0

g 1 1521.822875976562 2101.016113281250 -495.341064453125  0.255822151899 5.885156631470 0.712732374668 0

g 1 1336.507690429688 2059.277587890625 -495.780090332031  6.197001934052 5.924971103668 0.531927287579 0

g 1 2064.202148437500 2123.659912109375 -496.033782958984  0.560339033604 5.469597816467 0.415054202080 0

g 1 2194.464843750000 2146.016601562500 -495.943481445312  5.356325626373 5.975528240204 5.467769622803 0

g 1 2336.277099609375 2126.615234375000 -496.006866455078  0.391264826059 5.516080856323 2.696981668472 0

e 2 2229.659667968750 2771.692382812500 -427.836120605469  0.907449364662 6.221225261688 4.683531284332 1

e 2 2226.766601562500 2778.523193359375 -428.827911376953  4.415261745453 0.024095546454 4.366492271423 1

e 2 1490.188354492188 2773.140380859375 -428.898284912109  6.145378112793 0.142653539777 4.726460933685 1

e 2 1502.004394531250 2764.795654296875 -429.066802978516  6.185385704041 0.106533467770 3.479652404785 1

e 2 1489.015380859375 2758.103271484375 -428.340972900391  5.966228008270 6.025551319122 4.201525688171 1

s 2 1418.846801757812 2693.216796875000 -393.961517333984  6.223596572876 6.270545959473 4.676655769348 0

s 2 1523.823242187500 2696.253906250000 -393.673370361328  6.266836643219 6.275775432587 4.819097042084 0

s 2 1667.186035156250 2686.484130859375 -394.577087402344  0.102563567460 0.004037304781 4.587784767151 0

e 2 2210.175537109375 2775.643798828125 -428.735656738281  0.152790546417 0.234132662416 5.781564235687 1

s 2 2316.892822265625 2693.788818359375 -393.936523437500  6.272946357727 0.011639628559 4.655755996704 0

s 2 2206.306884765625 2702.891357421875 -392.995880126953  6.229923248291 0.041720084846 4.767806053162 0

s 2 2039.570922851562 2694.720703125000 -394.045837402344  0.011033914983 6.281353950500 4.699381351471 0

g 2 1959.966552734375 2834.088134765625 -477.885711669922  6.136783123016 5.762362003326 4.956167697906 0

g 2 1773.473144531250 2826.818847656250 -481.408782958984  6.086098194122 6.041955471039 5.865150451660 0

g 2 2094.369140625000 2623.944580078125 -493.949584960938  6.089664936066 0.027907028794 0.417789518833 0

g 2 2192.809570312500 2609.502441406250 -493.988708496094  6.221272468567 6.177008152008 0.563403606415 0

g 2 2339.244384765625 2623.625976562500 -494.159912109375  0.067421324551 5.947156429291 0.395420253277 0

g 2 1673.597900390625 2623.617919921875 -493.866027832031  5.896575450897 5.903433799744 5.165074348450 0

g 2 1529.982055664062 2623.764892578125 -493.958526611328  5.708552837372 5.682572364807 5.594278335571 1

g 2 1447.819335937500 2599.608642578125 -493.965820312500  5.521821498871 5.849063873291 6.221151351929 0

f 2 1597.648437500000 2977.792724609375 -469.704711914062  0.013847674243 6.282363891602 4.740386962891 1

f 2 1546.671508789062 2975.671142578125 -469.696166992188  6.268503665924 6.282696247101 4.719376564026 1

f 1 2196.168701171875 1757.762207031250 -469.391937255859  6.274717807770 6.263782978058 1.378077387810 1

f 1 2141.217773437500 1766.257690429688 -469.857238769531  0.002631782088 0.000558601110 1.388886451721 1

e 1 1878.865966796875 1090.637695312500 -423.905090332031  6.191651344299 0.096418820322 2.130647420883 1

r 1 1872.371704101562 1149.858398437500 -401.972137451172  6.275836467743 6.084227561951 1.609092116356 1

e 2 1855.284790039062 3631.603515625000 -422.601074218750  5.507815361023 0.911483228207 3.853609561920 1

r 2 1867.623657226562 3548.501708984375 -404.349304199219  6.277276992798 0.012509060092 4.712576866150 1

f 2 2339.492675781250 2953.352294921875 -469.773498535156  6.278090476990 0.002597150858 4.625828742981 1

f 2 2312.328125000000 2955.555664062500 -469.808044433594  6.282083034515 6.279998779297 4.614291667938 1

f 1 1502.029174804688 1758.504028320312 -469.804718017578  0.008110051975 0.000163832854 1.621299743652 1

i 2 2693.791748046875 3668.120361328125 -511.506988525391  3.155681371689 0.010408438742 3.765775442123 1

f 1 1551.799682617188 1756.229980468750 -469.744964599609  6.272599220276 0.001471901429 1.581777691841 1

h 1 1400.000000000000 1400.000000000000 2522.511230468750  0.000000000000 -0.000000000000 0.785398185253 1

h 2 1400.000000000000 3266.666503906250 2583.333251953125  0.000000000000 -0.000000000000 0.000000174846 1

h 1 2333.333251953125 1400.000000000000 2534.155517578125  0.000000000000 -0.000000000000 1.107148766518 1

h 2 2333.333251953125 3266.666503906250 2635.822265625000  0.000000000000 -0.000000000000 0.000000174846 1

i 2 4082.105468750000 4320.534667968750 0.488398045301  6.280501842499 0.002495176857 0.426203638315 1

g 1 2478.921142578125 2052.138671875000 -495.780181884766  0.094711609185 5.896488666534 2.597638130188 0

g 1 1225.790893554688 1991.151611328125 -495.796844482422  5.640015602112 6.004268646240 1.833407282829 0

g 2 1249.196166992188 2705.020019531250 -493.779907226562  6.141109466553 5.749378681183 5.189350128174 0

u 1 1325.623168945312 1748.562011718750 -470.216644287109  3.141191005707 0.169967979193 3.131650686264 0

u 2 2121.103759765625 3102.637939453125 -508.079498291016  0.306146621704 0.646378874779 2.243673563004 0

g 2 2495.719238281250 2753.454345703125 -504.185302734375  6.260145187378 0.601963937283 4.514142513275 0

