e 1 3025.476318359375 717.594482421875 646.923461914062  0.185195684433 0.145627811551 1.704672336578 1

r 1 3017.009521484375 793.633544921875 648.037719726562  6.239822864532 0.000914853241 1.708470106125 1

c e 1 2999.309326171875 1175.474487304688 274.812286376953  0.003526819870 0.787838459015 1.587811470032 1

c e 1 2957.841552734375 1185.535766601562 270.950531005859  0.012913363054 0.010891279206 1.648455262184 1

c r 1 2933.167724609375 1190.599731445312 272.706573486328  0.199981465936 5.939766407013 1.503804087639 1

c f 1 2947.833740234375 1217.056396484375 273.091918945312  0.206561550498 6.007620334625 1.517194032669 1

c g 1 2987.978027343750 1252.143920898438 269.528320312500  0.345227569342 5.958153247833 1.511408090591 1

c s 1 2993.865722656250 1275.824218750000 272.040710449219  0.353552550077 5.942426681519 1.488137483597 1

c s 1 2980.454833984375 1272.293090820312 275.807189941406  0.322416931391 6.145174980164 1.621612191200 1

c g 1 2996.891113281250 1205.623046875000 269.090820312500  0.237003475428 0.270162820816 1.632124423981 1

c p 1 3026.556884765625 1243.205810546875 258.968841552734  0.067521221936 6.257127761841 1.687792301178 1

c p 1 3008.163574218750 1272.068115234375 266.486511230469  0.341439396143 5.864681243896 1.559951424599 1

c e 2 3334.463134765625 4137.750976562500 123.550422668457  5.905728340149 5.841641902924 2.160542011261 1

c e 2 3327.064453125000 4154.458984375000 127.488456726074  5.790776729584 5.842236518860 2.089186668396 1

c r 2 3317.707519531250 4164.955078125000 132.770935058594  3.340538501740 5.585891246796 4.784114837646 1

c f 2 3321.162109375000 4178.645996093750 141.735733032227  3.297971963882 0.822336018085 4.942625045776 1

c g 2 3330.654052734375 4199.702636718750 154.695129394531  6.105009555817 5.860592842102 2.032155752182 1

c g 2 3338.836425781250 4212.587890625000 159.465118408203  3.267243623734 5.376091957092 4.961382865906 1

c s 2 3341.703125000000 4224.608886718750 165.521896362305  3.115321636200 5.588463783264 5.113442897797 1

c s 2 3343.737548828125 4239.745117187500 173.572952270508  3.127122879028 5.576821804047 5.124918937683 1

c p 2 3341.560302734375 4251.515625000000 180.135879516602  3.098211050034 5.459167480469 5.152119636536 1

c p 2 3321.995117187500 4256.294921875000 187.421264648438  3.078471183777 5.448397636414 5.085748195648 1

e 2 2963.067382812500 4791.353027343750 655.786499023438  0.019190210849 6.261003971100 4.787464141846 1

r 2 2963.409912109375 4761.020996093750 660.929382324219  6.261891841888 6.171898365021 4.889110565186 1

e 2 5477.640136718750 2750.933349609375 53.647125244141  0.130400568247 0.190185412765 3.572754621506 1

c s 2 5462.041503906250 2725.532226562500 56.197101593018  6.252761363983 5.817109107971 3.588974714279 1

c s 2 5450.437011718750 2718.199218750000 59.098052978516  6.260325431824 5.901007175446 3.612056732178 1

c g 2 5417.928710937500 2736.697509765625 64.949531555176  3.256522655487 5.452956199646 0.373084396124 1

c g 2 5391.170410156250 2749.691894531250 76.807365417480  6.225052356720 5.436937332153 3.546463727951 1

c p 2 5376.034667968750 2759.896972656250 82.897605895996  3.211195945740 5.555316448212 0.370383262634 1

c p 2 5407.259277343750 2816.149414062500 61.032249450684  6.162374496460 5.717215061188 3.656161546707 1

c f 2 5393.757324218750 2803.114257812500 68.226806640625  6.256821632385 5.635258197784 3.561021327972 1

r 2 5474.623046875000 2775.040283203125 56.302066802979  0.001365551725 6.274410247803 3.210157871246 1

e 2 4349.221679687500 3285.509765625000 33.127471923828  6.277729511261 6.182447433472 4.021759510040 1

s 2 4325.407714843750 3196.814208984375 55.439563751221  0.077843748033 6.210093021393 3.851261377335 0

g 2 4372.131347656250 3366.467285156250 38.253025054932  0.036571025848 6.233422279358 4.145509243011 0

s 2 4166.634765625000 3328.296386718750 79.840507507324  5.743623256683 6.158318996429 4.194665908813 0

g 2 4570.457031250000 3234.116210937500 83.987518310547  0.200477093458 6.242775440216 3.565268278122 0

r 2 4484.804687500000 3258.004394531250 6.707201004028  0.096657924354 0.112313523889 3.489394903183 1

e 1 70.004096984863 2646.071777343750 -12.390285491943  0.021836681291 0.288258463144 6.217118263245 1

r 1 101.948417663574 2648.130371093750 -17.929218292236  0.023853013292 0.236864447594 6.199225902557 1

c s 1 155.379760742188 2687.074951171875 -26.239608764648  0.067419089377 0.199132934213 6.277683734894 1

c s 1 184.591522216797 2673.154296875000 -29.288362503052  0.087430618703 0.052298761904 6.190099716187 1

c g 1 195.853164672852 2627.093261718750 -36.049446105957  0.118605323136 0.053325299174 6.208067417145 1

c g 1 220.249420166016 2593.913574218750 -41.855480194092  0.288721889257 6.206861019135 6.146182537079 1

c p 1 213.693954467773 2540.358398437500 -52.122848510742  0.171310305595 0.188171163201 6.210429668427 1

c p 1 197.199829101562 2512.927001953125 -53.920013427734  6.279607295990 0.012985134497 6.264115333557 1

c f 1 203.821182250977 2485.005615234375 -55.530883789062  6.263804912567 0.138807833195 6.240513801575 1

e 1 1245.257202148438 2282.186523437500 -88.371719360352  0.685843229294 6.007754325867 6.098605155945 1

s 1 1301.657104492188 2203.184082031250 -33.319061279297  0.019775904715 5.756229877472 6.032597064972 0

s 1 1169.944458007812 2447.638427734375 20.794893264771  0.002559798304 0.007249209099 5.750769138336 0

g 1 1396.357421875000 2353.449707031250 -0.824629127979  0.220410615206 5.962040901184 6.283121109009 0

g 1 1128.558349609375 2096.985351562500 -57.784671783447  0.097773686051 0.313307881355 1.957439422607 0

r 1 1172.240722656250 2289.504882812500 -81.141479492188  0.537953436375 6.113779544830 0.040280453861 1

h 1 2333.333251953125 2333.333251953125 2535.155517578125  0.000000000000 -0.000000000000 0.785398185253 1

u 1 1259.163818359375 2267.286376953125 -87.458831787109  4.316289901733 0.256338179111 2.152704000473 1

h 2 3266.666503906250 3266.666503906250 2644.955566406250  0.000000000000 -0.000000000000 4.712388992310 1

u 2 4397.370605468750 3290.093017578125 26.964433670044  0.227492094040 0.318392843008 1.542187452316 1

