e 1 2419.552246093750 1945.508056640625 7.390686511993  0.426596820354 6.150152206421 0.035677842796 1

s 1 2366.838623046875 2006.674682617188 21.518884658813  0.095993861556 0.021602734923 6.230855941772 0

e 2 2618.533203125000 1814.135009765625 3.121460676193  6.079035282135 6.244630813599 1.023247241974 1

s 2 2657.826660156250 1737.288818359375 15.727047920227  0.027703601867 0.029747460037 1.718308091164 0

e 2 3092.310302734375 2252.646240234375 3.118032455444  0.176700010896 0.076814636588 3.878967285156 1

s 2 3124.774414062500 2198.490722656250 15.724447250366  6.229927539825 0.017587834969 2.750005960464 0

g 2 2949.324462890625 2131.373046875000 18.331180572510  0.258308708668 6.275957107544 2.468544006348 0

g 2 2718.747558593750 1881.027221679688 18.499692916870  6.184102535248 6.228061199188 1.792823076248 0

e 1 2836.483886718750 2398.503906250000 2.465411424637  0.259014248848 6.209614753723 0.926878869534 1

s 1 2758.077392578125 2464.728515625000 21.883369445801  6.207262516022 0.011696430854 4.667699813843 0

g 1 2653.812011718750 2239.640380859375 16.219905853271  0.050006344914 0.053847085685 5.036341667175 0

g 1 2529.175048828125 2060.685302734375 25.328289031982  0.149818509817 0.087758094072 5.961944580078 0

e 1 2410.274414062500 1932.806030273438 4.977616786957  0.467869997025 6.030984878540 0.724482417107 1

s 1 2393.589111328125 2180.102783203125 11.360753059387  0.096340231597 0.002621732187 5.797327518463 0

s 1 2573.796142578125 2326.979003906250 20.803766250610  0.018947687000 0.034303728491 5.173471450806 0

e 1 2821.873535156250 2401.155029296875 2.167507410049  6.208190917969 0.103051222861 5.203094959259 1

s 2 2967.977294921875 2001.365478515625 15.589568138123  6.228239059448 0.022109424695 2.330255985260 0

s 2 2823.428710937500 1804.445678710938 15.597641944885  0.067051328719 0.021713651717 1.723116636276 0

e 2 2633.943115234375 1801.395507812500 3.041676521301  6.282812118530 0.172656387091 2.344875097275 1

e 2 3081.635498046875 2243.402343750000 3.044537544250  6.108320236206 0.037437427789 1.091453790665 1

L 2 2608.874267578125 1775.673461914062 3.278351306915  6.267102241516 0.085250280797 2.413283348083 1

L 2 3059.618164062500 2229.820556640625 3.269140958786  6.198302745819 0.003998374566 1.001025915146 1

L 1 2370.865722656250 1915.120361328125 1.194699168205  6.183999061584 6.234061717987 0.106757149100 1

L 1 2840.520996093750 2432.303466796875 3.123633146286  0.025673432276 0.093224249780 4.580582141876 1

g 2 3156.257080078125 2347.141357421875 18.331159591675  6.094268321991 0.011563244276 3.067719221115 0

s 2 3294.552734375000 2316.380859375000 15.419520378113  6.196838378906 0.000475288078 3.028836727142 0

g 2 2518.691894531250 1584.764404296875 18.365837097168  0.241438761353 0.006755126175 1.913274765015 0

s 2 2692.496582031250 1552.548339843750 15.589449882507  0.082923151553 6.279814243317 2.192738771439 0

g 1 2265.583007812500 1854.213134765625 19.206062316895  6.172301292419 0.038158319890 6.061819553375 0

s 1 2163.601318359375 1977.543945312500 20.803815841675  0.069826729596 6.281891822815 5.815100669861 0

g 1 2878.017822265625 2652.730468750000 16.989513397217  0.002816625405 6.274144649506 0.745770394802 0

s 1 2738.362792968750 2659.798095703125 19.069185256958  0.182897061110 6.046149730682 4.707082748413 0

e 1 2156.236816406250 2542.842285156250 3.258849382401  0.219734862447 0.339269995689 2.345282316208 1

r 1 2149.186523437500 2591.218261718750 8.013531684875  6.191389560699 0.150536820292 5.466145992279 1

c s 1 2164.274414062500 2652.024902343750 2.743595123291  6.168765068054 0.009237269871 5.599220275879 1

c g 1 2190.959960937500 2693.453857421875 4.546675205231  0.164267987013 6.274437427521 5.416925907135 1

c p 1 2129.122314453125 2723.729248046875 5.878642559052  6.141227722168 0.156223848462 5.376100540161 1

c p 1 2134.953613281250 2698.399658203125 4.639963626862  6.021784782410 0.149644702673 5.424723625183 1

c p 1 2127.538818359375 2682.879638671875 6.455045700073  5.963877201080 0.136303544044 5.449948310852 1

e 2 3267.155273437500 1598.426757812500 2.700736761093  0.049498625100 6.227105617523 2.534243822098 1

r 2 3289.625732421875 1511.246093750000 3.461794376373  0.010610484518 0.000027314274 2.500981807709 1

c p 2 3335.072998046875 1559.010131835938 2.830878019333  0.099422141910 6.205239295959 2.349600076675 1

c p 2 3343.946289062500 1578.227294921875 1.771572351456  0.262316852808 0.488660126925 2.416950941086 1

c p 2 3344.878662109375 1594.247924804688 -3.131347179413  0.451863557100 0.641098439693 2.598815202713 1

c s 2 3348.702148437500 1619.339965820312 -11.385988235474  0.202959597111 0.448769837618 2.376721620560 1

c g 2 3336.315185546875 1634.059204101562 -13.652131080627  0.210287645459 0.043407723308 2.388281106949 1

f 2 2579.185791015625 1691.549072265625 2.270706892014  0.000964954263 6.275781154633 2.323115825653 1

f 2 2629.740722656250 1676.121826171875 2.530393600464  0.008351941593 6.266830921173 2.375852346420 1

f 2 3180.562255859375 2268.349853515625 2.514916896820  0.014808552340 0.011328456923 3.340814828873 1

f 2 3116.368164062500 2284.527832031250 2.533622741699  6.281294345856 6.262881755829 3.321632146835 1

f 1 2364.442871093750 1971.764892578125 4.467292308807  0.066661670804 6.207793235779 5.670519351959 1

f 1 2396.715820312500 2000.383178710938 5.117414474487  6.204465389252 6.199357986450 5.705575942993 1

f 1 2773.494140625000 2410.192138671875 2.349394083023  6.282664775848 6.271917343140 5.837081432343 1

f 1 2753.380615234375 2369.169189453125 2.223651885986  0.002068687463 0.011268557981 5.836133003235 1

