e 1 4356.667480468750 4351.925781250000 236.949386596680  0.294133365154 5.656190395355 3.789918899536 1

s 1 4469.378906250000 4288.852539062500 257.751892089844  6.009958267212 0.255250662565 5.113660335541 0

g 1 4315.046875000000 4302.885253906250 238.555816650391  0.136126443744 0.679465949535 4.611435890198 0

s 1 4231.019531250000 4447.902343750000 232.401718139648  0.286335349083 0.334470152855 3.510364294052 0

g 1 4445.646484375000 4430.592285156250 210.243942260742  0.026338446885 0.537012755871 0.850511610508 0

r 1 4499.184570312500 4494.999023437500 159.880142211914  6.168580532074 0.076848551631 4.077537536621 1

f 1 4586.203125000000 4450.622558593750 155.348114013672  6.028564453125 0.091597884893 4.145637035370 1

e 1 4372.179199218750 3625.491210937500 6.048849582672  6.085004806519 6.028555393219 4.389207363129 1

e 1 4384.669433593750 3630.621337890625 7.696470737457  0.330958545208 0.209132164717 4.386627197266 1

r 1 4344.907714843750 3604.001953125000 13.474170684814  6.114219188690 6.109452724457 4.379903793335 1

f 1 4369.059082031250 3574.234619140625 13.579893112183  0.004724722821 6.205554008484 4.380590915680 1

c L 1 4378.539550781250 3547.344238281250 11.864111900330  0.069809146225 6.070308208466 4.540997982025 1

c s 1 4366.397949218750 3523.599365234375 17.569812774658  6.114206790924 6.145299911499 4.477629184723 1

c s 1 4342.781738281250 3503.061279296875 24.821176528931  6.149905204773 6.062810897827 4.489612579346 1

c s 1 4320.469726562500 3491.276367187500 29.958860397339  6.248863697052 5.989869594574 4.532052516937 1

c g 1 4340.483886718750 3697.287353515625 20.390914916992  0.127326965332 0.674104094505 5.344350814819 1

c g 1 4328.059082031250 3673.291748046875 15.854999542236  6.082560062408 0.212801277637 4.997971534729 1

c g 1 4302.870605468750 3636.052978515625 18.894344329834  6.041491031647 0.523428261280 5.058048725128 1

d 1 4336.145996093750 3573.433593750000 17.282098770142  6.133033752441 0.171381637454 6.281832218170 1

s 1 4254.128417968750 3544.887207031250 56.671569824219  0.007291598246 6.278022766113 4.683474063873 0

e 2 1385.040893554688 2116.049072265625 39.770530700684  5.941353797913 6.186271667480 6.134215354919 1

r 2 1420.935302734375 2145.543701171875 46.901542663574  0.079960726202 6.134956836700 6.123624801636 1

f 2 1403.284179687500 2091.002197265625 51.278751373291  6.027857780457 6.244063854218 6.069859504700 1

s 2 1311.790649414062 2085.871337890625 77.338890075684  5.968571662903 0.199790954590 0.685617864132 0

c L 2 1340.117431640625 2117.881103515625 46.868297576904  5.944252967834 0.574912548065 0.210113450885 1

c s 2 1424.070678710938 2224.974853515625 59.997116088867  0.107736445963 0.151260912418 0.355742573738 1

c s 2 1472.388793945312 2139.257568359375 56.328674316406  0.340400546789 5.611492156982 5.128011703491 1

c s 2 1470.438476562500 2102.947265625000 55.722869873047  0.250035822392 6.037337779999 5.240567684174 1

c g 2 1355.408813476562 2146.315185546875 34.967334747314  6.149989128113 0.141288250685 2.050009012222 1

c g 2 1348.783569335938 2172.913818359375 36.387260437012  6.014238834381 0.056720711291 2.146690607071 1

c g 2 1345.378417968750 2191.465332031250 37.919754028320  6.061408042908 0.171099945903 2.147477388382 1

d 2 1400.540893554688 2113.614257812500 41.177841186523  6.197328090668 6.136514663696 0.334428966045 1

e 2 1090.062255859375 1362.935546875000 163.748764038086  0.400098532438 1.240383982658 5.592352390289 1

s 2 1262.835327148438 1325.953857421875 258.513092041016  6.243719577789 6.025612354279 0.693495988846 0

g 2 1215.433471679688 1429.392578125000 244.950805664062  0.358840167522 0.849175453186 0.580697596073 0

s 2 1047.013305664062 1537.017456054688 159.279586791992  6.080930709839 0.546802699566 0.726611256599 0

r 2 946.914306640625 1284.848876953125 179.416000366211  0.146527931094 0.033834733069 0.000106368272 1

f 2 974.304870605469 1178.910644531250 170.471755981445  6.245404243469 6.263385295868 0.679621040821 1

g 2 1146.410034179688 1138.282592773438 209.936676025391  0.044140387326 0.173274546862 4.318762302399 0

e 2 2873.668212890625 2588.804199218750 4.617538928986  6.089653491974 6.202176570892 2.911815643311 1

g 2 2766.193847656250 2602.374755859375 38.353321075439  0.174985557795 0.051391962916 1.332442402840 0

e 1 2775.210205078125 3209.862304687500 23.694894790649  0.101946145296 6.158831119537 5.766381263733 1

g 1 2862.508300781250 3162.201171875000 38.296176910400  0.043567668647 6.188363552094 3.173377752304 0

s 1 3001.524414062500 3183.978027343750 42.133449554443  6.235635280609 6.186805248260 3.077692747116 0

s 2 2660.698242187500 2616.794921875000 40.615398406982  0.015395986848 6.275686264038 2.017237901688 0

g 2 2907.708496093750 2419.003662109375 19.510541915894  0.063323907554 0.026932878420 4.669454097748 0

s 2 2804.770263671875 2430.609375000000 17.263662338257  0.032042484730 0.296154350042 4.828296184540 0

h 2 1400.000000000000 1400.000000000000 2533.755615234375  0.000000000000 -0.000000000000 0.785398185253 1

h 1 4200.000000000000 4200.000000000000 2597.666748046875  0.000000000000 -0.000000000000 3.926990747452 1

r 2 2915.281738281250 2546.950195312500 14.010497093201  5.942235946655 0.373314172029 2.401668548584 1

g 1 2766.553710937500 3359.131347656250 16.255271911621  0.000000000000 -0.000000000000 4.866052627563 0

s 1 2906.917236328125 3378.368408203125 20.537958145142  0.000000000000 -0.000000000000 1.833294630051 0

r 1 2773.114990234375 3263.295654296875 17.336664199829  6.084056377411 6.050257682800 5.067957401276 1

