e 1 2583.331542968750 1051.017456054688 0.689221441746  6.088348865509 0.097062848508 1.724823236465 1

e 1 2571.448242187500 1048.739868164062 0.741920709610  0.199565842748 6.163099288940 1.722182869911 1

s 1 2640.699218750000 1158.090576171875 111.115798950195  0.512758731842 0.504226922989 5.714313507080 0

s 1 2512.549560546875 1165.404052734375 111.115798950195  6.225318431854 0.328343451023 4.120001792908 0

g 1 2430.245117187500 1080.669921875000 83.626762390137  0.161291763186 0.200739756227 4.886944770813 0

g 1 2736.436767578125 1087.078979492188 78.501502990723  6.087060928345 0.299494147301 4.490205287933 0

r 1 2550.841552734375 1052.231689453125 1.365003585815  6.273607254028 0.001006135484 4.617151260376 1

c p 1 2550.864990234375 993.542785644531 0.739349007607  0.011794591323 6.189201354980 4.644664287567 1

c p 1 2563.843505859375 992.031616210938 0.880785107613  0.007498159073 0.052174963057 4.618327140808 1

c g 1 2629.149658203125 998.152465820312 1.317004561424  0.205712899566 6.172054767609 2.855643987656 1

c g 1 2618.062744140625 1004.248291015625 0.444246977568  6.268917560577 6.266276359558 2.857394933701 1

c s 1 2603.527099609375 1009.292541503906 0.241712525487  6.242497920990 0.011696391739 2.861482620239 1

c s 1 2582.358886718750 1007.818481445312 0.240767017007  0.047666322440 6.275287151337 2.875977277756 1

e 1 748.392028808594 1428.543457031250 -40.912582397461  6.097627639771 0.077292084694 0.987461268902 1

r 1 764.661743164062 1452.424926757812 -40.668083190918  0.001329330844 0.006703402847 0.994652867317 1

g 1 771.901000976562 1508.864501953125 -28.068094253540  6.281958103180 0.002040502615 1.029410600662 0

s 1 839.591674804688 1431.559570312500 -22.622539520264  6.265583515167 0.005743895657 0.923041999340 0

c g 1 710.822998046875 1464.244262695312 -41.998889923096  0.002204426099 6.273697853088 0.891186952591 1

c s 1 722.069091796875 1423.085571289062 -40.007495880127  6.221350193024 0.037129655480 0.890338540077 1

c e 1 685.154724121094 1424.591064453125 -39.692146301270  0.028611548245 0.054079297930 0.856008946896 1

e 2 2573.823730468750 4451.997070312500 2.919010162354  6.205203056335 6.145962715149 4.797684192657 1

e 2 2601.495849609375 4471.649902343750 3.227837800980  6.175027370453 0.090923592448 4.505510330200 1

r 2 2612.970458984375 4507.085449218750 11.765745162964  6.036761760712 6.186884403229 1.669664144516 1

f 2 2560.104736328125 4500.626464843750 5.121376037598  0.010915978812 6.169335365295 1.624472141266 1

g 2 2689.636230468750 4384.367675781250 100.788154602051  0.218593105674 0.547351837158 1.680999159813 0

s 2 2503.994628906250 4307.958496093750 135.501983642578  6.238475322723 0.296777516603 1.266047120094 0

s 2 2616.990234375000 4304.635742187500 141.301422119141  0.019497552887 0.058529824018 1.107167482376 0

h 1 466.666656494141 1400.000000000000 2574.177734375000  0.000000000000 -0.000000000000 0.588002622128 1

g 2 2468.743896484375 4361.659667968750 111.668876647949  5.764532566071 0.500050723553 1.585669755936 0

c p 2 2549.837402343750 4552.256347656250 16.869096755981  0.425151258707 6.188176155090 0.477492898703 1

c p 2 2569.776367187500 4560.087890625000 19.624822616577  0.584389626980 6.116015434265 0.440928608179 1

c g 2 2592.397705078125 4569.692382812500 23.770380020142  0.348246037960 5.956190586090 0.391297668219 1

c g 2 2615.168212890625 4574.004394531250 27.986274719238  0.448345124722 6.138427734375 0.444995075464 1

c s 2 2632.852050781250 4580.222656250000 32.741191864014  0.215031459928 5.861928939819 0.381296038628 1

c s 2 2645.784423828125 4583.683105468750 38.045379638672  0.187496393919 5.835228919983 0.460683941841 1

e 2 5090.922851562500 4069.728027343750 -50.682651519775  0.331569433212 0.246614441276 4.387121200562 1

r 2 5101.615722656250 4031.048583984375 -47.861370086670  0.051200754941 0.004694902338 4.347920417786 1

u 1 436.713775634766 1807.817260742188 -284.017211914062  2.237904548645 0.439180552959 5.217300415039 1

c e 2 5107.723144531250 3996.662597656250 -49.601806640625  0.108480624855 0.057667676359 4.389403343201 1

s 2 5160.595214843750 3927.147460937500 -34.978565216064  6.281986236572 6.197885036469 3.717375993729 0

g 2 5175.101562500000 4053.019531250000 -30.736763000488  0.070864543319 0.030139584094 4.080551624298 0

c g 2 5049.792480468750 3969.955810546875 -51.415988922119  0.125354290009 6.272191047668 4.565483570099 1

c s 2 5054.973144531250 3952.541992187500 -50.571987152100  0.123547069728 0.133619919419 4.581774711609 1

h 2 5133.333007812500 4200.000000000000 2543.311035156250  0.000000000000 -0.000000000000 3.605240345001 1

u 2 5253.128906250000 4444.915039062500 58.058544158936  4.451411724091 0.604628860950 4.991705894470 1

