e 1 124.942298889160 3345.887695312500 2.969160079956  6.087352275848 0.127074658871 6.271617889404 1

e 1 129.118652343750 3335.304443359375 2.710353136063  6.193461894989 0.139227479696 0.017526715994 1

s 1 114.747367858887 3484.167236328125 20.803783416748  0.123363539577 6.241094112396 4.516665935516 0

g 1 258.722381591797 3503.156494140625 16.219944000244  6.272198677063 0.028164822608 4.954218864441 0

g 1 284.715972900391 3183.280029296875 16.419895172119  6.049848079681 5.692223548889 4.133667945862 0

s 1 85.136497497559 3180.339599609375 20.804187774658  6.105717182159 5.412186622620 4.775763511658 0

s 1 365.473358154297 3343.179687500000 120.922134399414  5.848198890686 6.125502109528 4.177555561066 0

f 1 100.943336486816 3307.979003906250 2.502924680710  0.004137147684 0.016952484846 0.075759738684 1

r 1 100.468948364258 3379.762939453125 3.688223600388  6.279319286346 0.008380055428 0.011303056031 1

c p 1 2795.444580078125 3412.748291015625 86.455169677734  0.002450660104 6.195847034454 4.644165992737 1

c p 1 2791.817382812500 3168.744140625000 88.477806091309  0.547647714615 0.195512861013 1.594323158264 1

c p 1 2792.174316406250 3281.068847656250 86.465393066406  0.000994524802 6.187877655029 1.488268375397 1

c p 2 2786.187988281250 3506.712158203125 86.937408447266  6.281509399414 5.904980659485 4.995357036591 1

c p 2 2789.443359375000 3318.938232421875 86.703155517578  6.283094406128 6.058623790741 4.675303459167 1

c p 2 2790.703613281250 3110.392578125000 86.412513732910  6.283149242401 6.212102413177 1.446867823601 1

e 2 5480.789062500000 3352.752929687500 3.187614440918  6.116969585419 6.121814727783 3.190344572067 1

e 2 5480.334472656250 3341.652832031250 3.522484779358  0.039749387652 5.944068908691 3.169867992401 1

g 2 5324.692871093750 3179.464843750000 18.331151962280  5.900823116302 6.168119430542 3.238058805466 0

s 2 5472.936523437500 3178.743896484375 15.589445114136  0.000000000000 -0.000000000000 3.149791479111 0

g 2 5315.238281250000 3508.128417968750 18.331272125244  0.000000000000 -0.000000000000 3.256673574448 0

s 2 5473.083984375000 3517.861328125000 15.589457511902  5.565453529358 5.672011375427 4.861771583557 0

r 2 5474.259277343750 3315.068847656250 3.547103881836  6.281698703766 0.009891561233 3.319724082947 1

s 2 5236.889160156250 3345.818847656250 115.589462280273  6.279168605804 5.967455387115 3.154527187347 0

f 2 5480.014648437500 3385.780273437500 2.472068548203  0.008385850117 6.269979953766 3.180330991745 1

