r 2 239.292160034180 5159.081542968750 -69.169647216797  6.282629966736 6.282420635223 0.530215740204 1

f 2 187.501098632813 5231.335937500000 -70.385704040527  0.000568627904 6.282689571381 1.633386969566 1

e 2 211.475234985352 5212.355468750000 -70.002906799316  0.011310217902 0.004373296164 5.447044372559 1

p 2 279.023681640625 5133.981445312500 -68.440856933594  6.279726505280 6.282186985016 6.040138721466 1

c p 2 193.887786865234 5134.491210937500 -70.924461364746  6.272840499878 0.009466068819 5.224551677704 1

c p 2 216.165557861328 5102.481445312500 -70.947822570801  6.281376361847 6.279859066010 5.583249092102 1

c p 2 242.293823242188 5089.472656250000 -70.936607360840  0.001066291123 6.267494201660 0.105991467834 1

c s 2 275.075042724609 5098.917480468750 -70.950271606445  6.283024787903 0.002978879027 0.532648503780 1

c s 2 300.044128417969 5114.917480468750 -70.948371887207  6.281515121460 6.281235218048 0.975025177002 1

c e 2 311.086090087891 5130.479492187500 -70.949409484863  6.282815456390 0.002830276731 1.270422697067 1

c e 2 316.999389648438 5160.353027343750 -70.905052185059  0.006300167646 0.035748895258 1.732074260712 1

c r 2 310.264251708984 5187.574218750000 -70.947906494141  6.280900001526 0.002343177795 1.944792747498 1

c r 2 304.894256591797 5201.307617187500 -70.937500000000  6.277491092682 0.004131911788 1.939105749130 1

c f 2 295.922668457031 5227.559082031250 -70.928794860840  6.273081302643 0.004759473726 2.815154552460 1

c f 2 172.320358276367 5185.415527343750 -70.914566040039  0.000358196732 6.249643802643 3.408835649490 1

r 1 5200.665039062500 467.626739501953 -69.145523071289  0.000956426491 6.281901359558 0.735051691532 1

f 1 5270.941406250000 432.552276611328 -70.395172119141  6.283132076263 6.282828330994 5.358999252319 1

e 1 5244.787597656250 427.035614013672 -70.204803466797  6.275235176086 6.280314922333 2.295468807220 1

p 1 5191.269531250000 499.778625488281 -68.999610900879  6.283179283142 0.005479009822 2.823181390762 1

c p 1 5285.167968750000 462.752960205078 -70.944732666016  6.279675960541 6.280406951904 2.374433279037 1

c p 1 5268.270507812500 479.761566162109 -70.934417724609  0.000022927414 0.018199775368 2.438803672791 1

c p 1 5246.570312500000 494.152832031250 -70.930030822754  0.001089211786 0.021613478661 2.775171279907 1

c s 1 5212.291015625000 507.164642333984 -70.690551757813  0.002493768698 0.292913019657 2.875771045685 1

c s 1 5148.948242187500 505.007812500000 -70.944938659668  6.280747413635 0.003979941364 3.807467937469 1

c e 1 5138.533691406250 485.282348632813 -70.941703796387  6.283149242401 0.012170301750 4.598131179810 1

c e 1 5134.782714843750 463.015289306641 -70.948081970215  6.282881736755 0.004517273977 5.131662368774 1

c r 1 5141.637207031250 448.404022216797 -70.945549011230  0.003273482900 0.001621068222 5.169117927551 1

c r 1 5148.250976562500 433.020721435547 -70.948860168457  0.001823438215 0.001807139372 5.540727615356 1

c f 1 5166.658691406250 418.593536376953 -70.940643310547  0.005477345083 0.000844450551 5.661004066467 1

c f 1 5212.573242187500 399.617858886719 -70.946907043457  6.279806137085 0.001331665902 0.342567443848 1

