e 2 2127.847656250000 2243.878173828125 -97.520179748535  6.218415260315 5.876738548279 0.875078916550 1

e 2 2115.565673828125 2245.711669921875 -98.723556518555  6.161677360535 5.634173870087 0.913657248020 1

r 2 2093.422363281250 2293.901367187500 -92.539672851562  6.175966739655 6.164885520935 1.591974854469 1

e 1 3287.505371093750 3533.845947265625 -102.484748840332  5.795532703400 5.392443180084 4.437925815582 1

e 1 3273.895263671875 3526.032958984375 -100.540229797363  0.232838049531 6.044565200806 4.177056789398 1

r 1 3321.737060546875 3473.891601562500 -94.763252258301  0.052695132792 6.085023880005 4.295260906219 1

d 1 3283.840820312500 3410.157226562500 -92.862243652344  6.275651454926 0.049425236881 4.315021991730 1

d 2 2137.539794921875 2261.002441406250 -94.855361938477  6.093063354492 6.209783554077 1.697507858276 1

h 2 2333.333251953125 4200.000000000000 2675.755615234375  0.000000000000 -0.000000000000 5.497786998749 1

h 2 2333.333251953125 5133.333007812500 2654.266601562500  0.000000000000 -0.000000000000 5.176036357880 1

h 1 3266.666503906250 466.666656494141 2531.977783203125  0.000000000000 -0.000000000000 1.570796251297 1

h 1 3266.666503906250 1400.000000000000 2534.977783203125  0.000000000000 -0.000000000000 1.570796251297 1

c e 2 2269.803955078125 4825.896972656250 250.414352416992  0.405112117529 5.994145393372 4.727829456329 1

c e 2 2271.626220703125 4812.790527343750 248.460968017578  0.001132620033 6.282660007477 4.877651214600 1

c s 2 2266.922119140625 4788.040527343750 249.580535888672  0.240192130208 6.191132545471 4.758688449860 1

c s 2 2246.056884765625 4786.966308593750 248.822326660156  6.282985210419 6.102466106415 4.767202854156 1

c g 2 2226.363769531250 4785.609375000000 250.700317382812  4.554766178131 0.000469971710 4.828443050385 1

c d 2 2202.229492187500 4801.912597656250 248.874465942383  6.276529788971 6.089193344116 4.776229381561 1

c f 2 2219.755859375000 4830.904296875000 249.239074707031  6.137455940247 6.188396930695 4.785240173340 1

c g 2 2204.728271484375 4772.066406250000 248.606399536133  6.280082702637 0.063422597945 1.125202655792 1

u 2 2222.973388671875 4819.321777343750 247.727005004883  3.077659368515 0.002003108850 2.154762029648 1

u 1 3215.746582031250 953.076904296875 246.803939819336  3.048879146576 0.023044183850 4.891362190247 1

c e 1 3184.188720703125 924.413146972656 247.641220092773  6.281276226044 0.105985470116 1.418578386307 1

c e 1 3183.887939453125 944.714355468750 247.649948120117  6.282808303833 6.169209480286 1.345407605171 1

c s 1 3181.301025390625 963.613281250000 248.050994873047  0.013317059726 5.966382980347 1.418592691422 1

c s 1 3182.500488281250 991.103027343750 247.536682128906  6.282126426697 0.057369854301 1.412847638130 1

c g 1 3198.612792968750 994.994567871094 249.955230712891  5.619838237762 6.017577648163 1.428238987923 1

c g 1 3222.200195312500 1000.996154785156 247.604812622070  6.265839576721 0.057377830148 1.248773336411 1

c f 1 3248.738281250000 1003.715332031250 247.639190673828  0.000061797800 0.108319833875 1.489688873291 1

c d 1 3246.170166015625 986.858703613281 247.496475219727  6.281321048737 6.246414661407 1.442650318146 1

c r 1 3238.582031250000 916.208557128906 250.173660278320  0.804854750633 6.018667221069 1.823868513107 1

e 1 3231.015625000000 1102.413085937500 195.300521850586  6.189533233643 0.035060234368 1.492509841919 1

s 1 3345.448730468750 1104.633666992188 213.555984497070  0.346639513969 0.238923564553 1.594675183296 0

s 1 3080.764160156250 1107.125000000000 212.380065917969  5.907032966614 0.081811591983 1.548903346062 0

c r 2 2250.298339843750 4760.323730468750 248.731079101562  6.257633209229 0.079200297594 1.514781951904 1

e 2 2250.791992187500 4673.081054687500 188.698883056641  6.183391571045 6.030833721161 4.758056640625 1

s 2 2128.285400390625 4661.796386718750 201.017288208008  6.020520210266 0.354166567326 3.863806724548 0

s 2 2387.024902343750 4668.373535156250 201.017272949219  5.883718967438 0.083363920450 4.753117084503 0

c s 2 2159.773681640625 2248.557373046875 -95.862991333008  6.281696796417 0.000561734603 1.352971076965 1

c g 2 2163.760742187500 2275.991455078125 -93.470397949219  6.282298088074 6.271265029907 1.580020666122 1

c s 2 2135.021484375000 2339.261474609375 -89.543754577637  0.000400112796 0.092203192413 1.370924353600 1

c g 2 2056.559814453125 2365.925292968750 -89.156333923340  0.136767506599 6.268085479736 1.319206833839 1

c L 2 2024.446533203125 2287.680908203125 -106.161682128906  0.137162148952 6.188061714172 0.340008646250 1

c s 1 3244.822998046875 3454.880615234375 -93.591194152832  0.000767691818 0.067947462201 0.529793381691 1

c g 1 3270.268066406250 3439.922119140625 -93.572296142578  6.265181541443 0.043487146497 0.406798034906 1

c s 1 3309.501953125000 3430.784667968750 -93.586891174316  6.273452281952 0.052656818181 0.577656686306 1

c g 1 3350.871093750000 3429.082275390625 -93.023597717285  5.685406684875 6.069543838501 0.498324841261 1

c L 1 3377.612548828125 3488.830078125000 -105.025268554688  6.237110137939 0.293262809515 0.721031606197 1

