e 1 3494.343994140625 1778.603637695312 -0.988867938519  0.210985019803 6.157526016235 3.154498100281 1

r 1 3431.920410156250 1776.520019531250 -0.312775462866  6.275979518890 0.006350898650 0.042950883508 1

f 1 3433.755126953125 1736.415405273438 -1.527199029922  6.273031711578 0.011878767051 0.032461863011 1

f 1 3431.595703125000 1835.785156250000 -0.260810315609  0.031089393422 0.004124025814 6.176788330078 1

e 1 3483.444824218750 1789.470703125000 -1.009472250938  6.073389053345 6.168007850647 0.005972207990 1

s 1 3631.468994140625 1859.782104492188 20.878210067749  0.209328174591 6.261104583740 0.195688322186 0

s 1 3665.187011718750 1718.522216796875 16.816022872925  6.217770576477 6.214086055756 0.301733523607 0

g 1 3715.264648437500 1802.447387695312 12.419893264771  0.250622153282 5.496421813965 5.873680591583 0

e 2 3113.209228515625 1787.668334960938 -1.466067671776  0.012949188240 0.022387424484 3.200218439102 1

r 2 3033.669677734375 1794.711914062500 -0.439816415310  6.282981395721 0.011113349348 3.045506238937 1

f 2 3090.950927734375 1847.602783203125 2.327921628952  6.221118927002 6.260613441467 3.321406841278 1

f 2 3107.176513671875 1735.863647460938 -1.484431743622  6.272540569305 6.269216060638 2.990533590317 1

s 2 2883.661621093750 1734.543334960938 11.589447021484  0.965808928013 5.245738983154 3.009547710419 0

s 2 2855.125976562500 1851.812133789062 11.589478492737  0.847995102406 5.923853874207 3.440103530884 0

g 2 2917.833496093750 1794.229736328125 14.331172943115  0.020734071732 6.204888343811 2.186598777771 0

e 2 2268.135253906250 2810.857666015625 -1.058116674423  0.160291671753 6.281420230865 1.712295055389 1

s 2 2370.639160156250 2704.757324218750 11.589442253113  6.178768634796 5.201663970947 4.480050563812 0

s 2 2263.957519531250 2891.883300781250 11.593561172485  0.491139411926 5.749073505402 4.165113449097 0

s 2 2175.069580078125 2711.943603515625 11.589445114136  0.394117027521 5.380650043488 4.254933357239 0

g 2 2245.081298828125 2670.765380859375 14.331156730652  6.270205020905 0.073265090585 4.536873817444 0

g 2 2478.172607421875 2837.173339843750 22.058748245239  0.159782782197 5.864683151245 5.380781173706 0

e 1 3475.426025390625 2689.453857421875 -0.976732611656  6.083196163177 0.156686753035 4.781218528748 1

s 1 3528.645019531250 2595.538818359375 16.813516616821  0.003611752763 6.269826412201 0.293506175280 0

s 1 3426.718994140625 2775.640380859375 14.965308189392  0.014199145138 6.282629489899 0.084063701332 0

g 1 3589.900390625000 2819.789306640625 12.219912528992  0.051030106843 0.063656508923 0.432355642319 0

g 1 3374.309082031250 2618.428710937500 14.732646942139  6.266809463501 0.030112810433 2.355635166168 0

e 2 4464.588378906250 1999.096679687500 -42.394840240479  5.928324222565 0.582845151424 3.318381071091 1

s 2 4405.639160156250 2128.607666015625 -32.410549163818  0.157217755914 6.161980152130 4.970885276794 0

s 2 4607.786621093750 1926.987548828125 -28.442321777344  6.199305534363 5.863431453705 4.674508094788 0

g 2 4457.143554687500 1829.037719726562 -14.989511489868  0.393987774849 6.117380142212 1.951895713806 0

g 2 4262.772949218750 2104.396972656250 -22.990167617798  6.234264850616 0.096136994660 1.568653225899 0

e 1 4342.779296875000 1111.401123046875 -1.089927077293  0.186281993985 6.182169914246 2.352802991867 1

s 1 4254.815429687500 1174.151611328125 16.803800582886  0.071190975606 6.063298702240 0.558425068855 0

s 1 4494.974609375000 1125.812133789062 16.803783416748  0.209988981485 6.101387023926 0.840434610844 0

g 1 4321.821289062500 981.379333496094 12.219920158386  0.097336947918 5.847107887268 1.361574172974 0

g 1 4377.008789062500 1243.678344726562 12.219909667969  0.719189882278 5.965559005737 5.407649993896 0

c r 1 3542.002929687500 1789.780883789062 -1.230613350868  6.170691490173 6.258510589600 2.952983140945 1

c e 1 3522.632812500000 1805.348876953125 -0.791386902332  6.131686687469 0.171676337719 2.920306205750 1

c r 1 3506.193115234375 1825.807617187500 -1.125097990036  6.173635959625 6.203350067139 2.984577894211 1

c e 1 3553.228027343750 1835.380615234375 -0.493489950895  0.235638648272 6.115921020508 2.918176651001 1

e 2 3104.058349609375 1805.784545898438 -0.958616018295  0.017613530159 0.172080427408 5.025284290314 1

c e 2 3046.760253906250 1739.490844726562 -1.005380630493  0.176790356636 6.268235206604 3.880716085434 1

c e 2 3038.654541015625 1747.209106445312 -1.390625119209  6.282773017883 0.170392811298 3.787553071976 1

c r 2 3017.427246093750 1749.165649414062 -1.610488653183  6.268319606781 0.031534165144 3.753952980042 1

c r 2 2997.332275390625 1757.901000976562 -1.713119745255  6.277760505676 0.002831291407 3.797107696533 1

e 1 1918.753662109375 1014.953796386719 -0.847491562366  0.256571859121 6.136938095093 0.372475683689 1

s 1 2010.167602539062 1007.638854980469 16.803802490234  6.282668590546 0.011544714682 0.756526768208 0

s 1 1741.799560546875 1144.096191406250 16.803783416748  0.032349605113 0.076109647751 1.875794410706 0

g 1 1806.943115234375 922.499755859375 12.219909667969  0.000000000000 -0.000000000000 0.521646738052 0

g 1 1985.392089843750 1154.740600585938 12.219975471497  6.264037609100 6.248171329498 0.005094506778 0

e 2 3208.116943359375 745.105895996094 -0.819616734982  0.092177771032 6.061961650848 1.592992424965 1

s 2 3212.028076171875 830.637023925781 12.625775337219  5.183174133301 5.581315994263 2.254956960678 0

g 2 3310.106201171875 693.229003906250 14.401279449463  6.265452861786 0.098983623087 2.158678293228 0

s 2 3210.249267578125 592.336547851562 11.614316940308  5.753481388092 5.430162906647 1.751710534096 0

g 2 3036.766845703125 679.986206054688 14.331152915955  6.270798683167 6.282835483551 1.879327178001 0

r 2 3185.231933593750 721.959899902344 -0.466061443090  0.005272756331 0.006951556075 1.305316448212 1

c e 2 3197.891113281250 759.508117675781 -1.161973476410  3.941379785538 4.842322826385 3.452194929123 1

r 1 3513.702880859375 2750.404296875000 -1.475883245468  0.067874602973 6.248847484589 4.538671493530 1

c e 1 3509.913330078125 2727.465576171875 -1.724486827850  0.106371082366 5.981953620911 4.559227943420 1

e 1 3668.287597656250 4473.404296875000 63.682323455811  0.006306412630 0.341977119446 0.110300116241 1

s 1 3745.363769531250 4492.108398437500 78.370513916016  6.208472251892 0.117227673531 5.169206142426 0

g 1 3617.120361328125 4407.958007812500 77.816986083984  0.068259224296 0.059589508921 0.849703550339 0

g 1 3600.765869140625 4594.104492187500 78.844978332520  6.169702053070 6.033216476440 6.071861743927 0

e 1 3641.304199218750 4468.457519531250 63.817752838135  0.501909136772 0.035090032965 6.015230178833 1

r 1 3645.373291015625 4446.522460937500 64.036422729492  0.015715979040 0.030514298007 0.099018603563 1

e 2 4320.769531250000 4493.120117187500 58.887851715088  5.912204742432 0.405292332172 6.180936336517 1

r 2 4309.944824218750 4531.041015625000 65.897430419922  6.272506713867 6.282012462616 3.444422721863 1

s 2 4215.974121093750 4507.324218750000 73.049957275391  0.040121760219 0.092097751796 3.251875638962 0

g 2 4342.040527343750 4414.128906250000 79.740249633789  0.057141430676 0.033256601542 3.157166481018 0

g 2 4338.747070312500 4587.112304687500 88.803123474121  0.209384202957 6.264062404633 3.017800569534 0

c p 1 3481.551025390625 2726.043212890625 -3.166457891464  6.266006946564 6.009802341461 4.891369342804 1

c p 1 3493.349609375000 2702.152099609375 -1.648475170135  6.279644012451 6.247496128082 5.016115665436 1

c p 1 3514.935058593750 2702.519042968750 -1.602363824844  0.001396645093 0.061939984560 4.911237716675 1

c p 2 3181.552001953125 733.684448242188 0.865541398525  0.154385358095 6.137976169586 1.304413795471 1

c p 2 3177.203613281250 747.117553710938 -0.213212519884  5.975986480713 0.189865216613 1.280653119087 1

c p 2 3185.224365234375 759.697143554688 -1.492147088051  6.282136440277 0.116070844233 1.433655261993 1

c p 2 3011.246337890625 1826.844238281250 -1.631793498993  6.280525207520 0.045269787312 6.094218730927 1

c p 2 3027.080566406250 1824.901367187500 -1.049610257149  6.121406555176 6.262457847595 6.122086524963 1

c p 2 3054.071533203125 1810.254272460938 -1.276795625687  0.085172794759 6.229635238647 6.160839080811 1

c p 1 3543.924316406250 1728.768798828125 -1.592833757401  6.282069683075 0.064741112292 2.991330623627 1

c p 1 3511.345214843750 1732.646362304688 -1.092027544975  0.139148250222 6.242284297943 3.069913625717 1

e 1 2191.589355468750 4069.344726562500 212.384368896484  6.268836498260 5.740851402283 0.228191748261 1

r 1 2132.868408203125 4060.156250000000 219.783111572266  6.224158287048 6.171026229858 2.191619396210 1

d 1 2102.279052734375 4107.432128906250 210.525802612305  0.215608403087 0.118729732931 2.087218761444 1

e 2 3306.251708984375 3609.000488281250 213.182083129883  6.161941528320 6.250007152557 0.151030302048 1

r 2 3321.888916015625 3631.273681640625 218.772994995117  0.075359754264 6.073352813721 0.152230069041 1

d 2 3286.724365234375 3604.980224609375 215.485046386719  6.029300689697 0.165225908160 5.987215042114 1

