e 1 3652.216308593750 4331.858886718750 232.960754394531  6.139083862305 5.941237926483 0.089569814503 1

r 1 3681.601318359375 4349.464355468750 234.505889892578  6.244288444519 6.275907039642 0.043053280562 1

e 2 3178.772949218750 3559.148925781250 451.146911621094  6.113486766815 6.161683082581 4.959310054779 1

r 2 3190.462890625000 3596.896728515625 451.568023681641  0.005827512126 6.275019168854 5.689597606659 1

e 2 5429.640625000000 144.541900634766 359.339630126953  6.033581256866 6.176455020905 3.080678462982 1

r 2 5401.555175781250 143.479385375977 360.311492919922  0.041209116578 6.257953166962 6.183253288269 1

f 2 5359.127929687500 150.511657714844 358.496795654297  6.251510620117 6.282491207123 6.171586036682 1

f 2 5316.156250000000 154.627380371094 358.536376953125  6.249604225159 0.001715159626 6.182425498962 1

h 2 3266.666503906250 3266.666503906250 2630.422119140625  0.000000000000 -0.000000000000 4.712388992310 1

h 1 3266.666503906250 4200.000000000000 2661.600097656250  0.000000000000 -0.000000000000 4.712388992310 1

e 1 5432.165039062500 200.240173339844 358.835815429688  6.108262062073 0.075526960194 2.789441585541 1

r 1 5401.637207031250 205.448730468750 359.757690429688  0.003719709348 0.011732188985 3.093796968460 1

f 1 5355.655761718750 207.616699218750 358.522796630859  6.269169807434 0.012331327423 6.231497764587 1

u 1 3498.800292968750 3931.189208984375 196.863296508789  2.797014713287 0.128783360124 4.154527664185 1

f 1 5309.453613281250 209.726593017578 358.215332031250  0.005562944338 0.002496914007 6.249742984772 1

u 2 3203.736328125000 3538.962402343750 449.856140136719  1.346402406693 6.282161235809 1.835791945457 1

