e 1 2460.205078125000 3774.769775390625 9.875612258911  0.055231601000 0.268597573042 5.775867938995 1

r 1 2474.109130859375 3795.450195312500 12.082320213318  0.018880212680 0.182598009706 5.697059154510 1

f 1 2448.380371093750 3759.317871093750 11.572952270508  6.229378223419 0.144124358892 5.667391300201 1

g 1 2635.595947265625 3866.276611328125 20.560937881470  0.108558624983 6.087947845459 0.057231809944 0

s 1 2364.778564453125 3585.128417968750 60.421604156494  6.246292114258 0.268246799707 6.235360145569 0

c g 1 2383.292236328125 3728.157958984375 16.816535949707  6.248481750488 6.077527523041 1.281338810921 1

c s 1 2395.412597656250 3759.900634765625 15.689542770386  6.228811740875 6.239912986755 1.275421023369 1

c e 1 2408.088378906250 3793.559570312500 19.704515457153  0.171929240227 6.194010734558 1.299960374832 1

c f 1 2425.250488281250 3835.574218750000 24.446590423584  0.701505959034 6.069162845612 1.249677181244 1

e 2 4575.785644531250 2434.542968750000 -58.440906524658  0.209737196565 0.094049938023 2.445380687714 1

r 2 4531.754882812500 2441.561279296875 -57.831996917725  6.276601791382 0.020350463688 2.430579662323 1

f 2 4609.432128906250 2443.293945312500 -59.325187683105  0.017909396440 6.282039165497 1.976096391678 1

g 2 4626.193359375000 2549.957519531250 -43.342952728271  6.160573005676 0.091392792761 1.422861099243 0

s 2 4531.095214843750 2338.941406250000 3.691629886627  0.167777821422 0.344683259726 1.397813677788 0

c g 2 4633.207519531250 2375.199462890625 -59.252056121826  6.280163764954 0.068618662655 1.168377041817 1

c s 2 4656.723632812500 2368.183837890625 -59.171970367432  6.278079986572 0.103517271578 0.751668274403 1

c e 2 4670.901367187500 2367.802490234375 -59.363151550293  0.001332939602 0.020854227245 1.335242033005 1

c f 2 4692.462402343750 2370.854492187500 -59.232051849365  6.275618553162 0.069856092334 1.163282036781 1

h 1 2333.333251953125 4200.000000000000 2573.955566406250  0.000000000000 -0.000000000000 5.497786998749 1

h 2 4200.000000000000 2333.333251953125 2630.955566406250  0.000000000000 -0.000000000000 2.356194496155 1

