e 2 1496.477783203125 1619.438842773438 -47.107685089111  0.208746001124 6.258103370667 0.732750236988 1

e 2 1501.695922851562 1630.303833007812 -45.875114440918  0.550031244755 6.132220745087 0.729381978512 1

r 2 1430.757812500000 1608.695312500000 -16.327205657959  0.093498133123 0.372372359037 0.331449091434 1

f 2 1478.407470703125 1660.552856445312 -33.774250030518  0.210740119219 0.249307155609 0.194638013840 1

s 2 1610.786743164062 1717.992309570312 -47.221748352051  0.137174084783 0.089751690626 0.640704989433 0

g 2 1341.715454101562 1691.613525390625 29.278432846069  6.172747135162 0.229905188084 6.151648998260 0

c L 2 1441.261962890625 1719.195190429688 -17.113555908203  5.909076213837 0.305770248175 6.140340805054 1

c s 2 1465.916625976562 1716.943481445312 -23.777425765991  6.046319007874 0.959701836109 5.953861713409 1

c g 2 1498.880126953125 1723.632812500000 -33.828601837158  6.259685039520 0.601618349552 6.259339332581 1

c e 2 1527.019165039062 1723.947143554688 -41.656463623047  6.243552207947 0.218552649021 6.173136711121 1

e 1 3986.285644531250 4081.684570312500 -228.020309448242  0.243069052696 0.465151727200 3.832801103592 1

e 1 3980.913574218750 4092.667236328125 -227.495590209961  6.238410472870 0.242825701833 3.710605859756 1

s 1 3954.116455078125 3998.105224609375 -200.319793701172  6.071246623993 6.258345603943 4.223271369934 0

g 1 4055.361816406250 4163.700683593750 -173.114639282227  0.020352058113 0.421184897423 3.876384735107 0

r 1 4013.880126953125 4081.024902343750 -223.699630737305  0.112535901368 0.198585689068 4.130259037018 1

f 1 3965.686523437500 4142.493652343750 -211.210571289062  6.207359790802 0.344070434570 4.180809974670 1

c e 1 3905.942871093750 4143.553710937500 -210.922622680664  6.045948505402 6.235962390900 4.400441169739 1

c s 1 3857.325683593750 4149.719726562500 -199.854751586914  6.068304538727 0.035974286497 4.432287216187 1

c g 1 3839.869384765625 4134.922363281250 -192.548110961914  5.461146831512 5.914443969727 4.461201667786 1

c L 1 3877.672607421875 4153.167480468750 -204.506790161133  6.066452026367 0.000083057981 4.952601432800 1

h 1 5133.333007812500 4200.000000000000 2571.000000000000  0.000000000000 -0.000000000000 3.605240345001 1

e 1 3085.784912109375 4119.384765625000 29.533500671387  0.249156951904 0.180384784937 3.006911993027 1

s 1 2978.607910156250 4083.994873046875 37.382251739502  0.241182193160 0.251393944025 2.811830043793 0

g 1 3142.866210937500 3999.639892578125 88.802520751953  6.044831275940 0.159617766738 0.702321410179 0

s 1 3201.861572265625 4214.826660156250 38.086349487305  6.220120906830 0.225454241037 1.452893614769 0

g 1 3005.202880859375 4215.590332031250 4.839307785034  0.070118948817 0.335888952017 2.352609634399 0

c f 1 3036.476074218750 4087.732666015625 29.073932647705  5.949131011963 0.140941724181 0.809766054153 1

c r 1 3048.640869140625 4106.072753906250 25.867799758911  5.935641288757 0.036163866520 0.802570700645 1

c e 1 3064.999755859375 4125.676757812500 24.420244216919  6.030281066895 0.131532102823 0.885786950588 1

e 1 2449.665527343750 4116.718261718750 -11.128111839294  0.085663549602 6.233587741852 3.010602474213 1

s 1 2323.475097656250 4131.333007812500 -15.919198989868  0.061982892454 0.070882454515 3.726625442505 0

g 1 2445.472900390625 4017.858398437500 10.136656761169  0.126747012138 0.140337914228 3.459462881088 0

s 1 2604.647949218750 4079.506835937500 25.505659103394  0.173678129911 0.162232339382 3.480788230896 0

g 1 2471.403808593750 4257.744628906250 -17.651805877686  0.186594128609 0.071163356304 2.303586959839 0

c r 1 2477.502929687500 4167.925292968750 -15.465970993042  0.035037059337 6.186524868011 4.352591991425 1

c f 1 2452.467285156250 4153.233398437500 -14.401886940002  0.056881293654 0.008353576064 4.384821891785 1

c e 1 2425.503417968750 4143.236328125000 -15.842191696167  0.127442672849 6.219243526459 4.266263008118 1

e 2 1320.839477539062 3376.364257812500 99.303787231445  6.077134609222 0.471205502748 0.531338989735 1

s 2 1399.744262695312 3403.633056640625 93.523399353027  6.187478542328 0.418067455292 0.619983315468 0

g 2 1383.936767578125 3287.348388671875 59.615230560303  0.604318320751 0.286660492420 0.083537667990 0

s 2 1155.203735351562 3438.601074218750 78.171981811523  0.076208464801 6.262207508087 0.090970210731 0

g 2 1295.935913085938 3477.544433593750 67.186286926270  5.808443069458 0.473013162613 0.603833496571 0

c r 2 1316.383056640625 3390.916015625000 96.318389892578  6.156692981720 0.195398077369 0.243736982346 1

c f 2 1261.201660156250 3399.796386718750 90.956253051758  3.279605150223 5.024608612061 2.801526308060 1

c e 2 1284.418090820312 3396.247070312500 93.772674560547  6.199130058289 5.804416656494 6.205555915833 1

e 2 1398.151733398438 2489.972167968750 -75.892333984375  6.229842662811 6.049039363861 5.736659049988 1

s 2 1588.194213867188 2601.715087890625 5.476358890533  6.119039058685 6.224153995514 1.338023066521 0

g 2 1544.471801757812 2385.321533203125 -14.388149261475  6.035481452942 6.184894561768 1.244023919106 0

g 2 1323.333740234375 2509.152099609375 -74.850845336914  6.161754131317 0.166873171926 1.461378455162 0

s 2 1363.981323242188 2372.917968750000 -57.115898132324  6.180147171021 0.022729752585 1.195324897766 0

c f 2 1393.582275390625 2447.315673828125 -73.574150085449  6.115895748138 6.229149818420 1.169202923775 1

c r 2 1427.949340820312 2466.442382812500 -68.843933105469  6.114786148071 6.174664497375 1.181878447533 1

c e 2 1415.311889648438 2519.161621093750 -72.676673889160  6.084097862244 6.121705532074 1.292276740074 1

s 2 3517.757324218750 2433.828125000000 -110.852867126465  0.065485343337 0.214510932565 1.545893907547 0

s 2 3318.677246093750 2223.031005859375 -75.129447937012  0.250243395567 6.055302619934 0.569804787636 0

s 2 3678.883544921875 2172.692382812500 -65.266967773438  0.024219525978 0.090944975615 6.194087028503 0

g 2 3637.123779296875 2363.049316406250 -95.905838012695  6.102490901947 0.224172994494 0.809937834740 0

g 2 3342.634521484375 2340.783203125000 -57.449813842773  0.143747463822 6.191713333130 2.586143970490 0

g 2 3514.089599609375 2125.010009765625 -76.379226684570  0.078294672072 0.276113718748 4.556957721710 0

r 2 3459.341064453125 2282.968017578125 -78.192558288574  0.043688554317 0.139279499650 1.412094235420 1

f 2 3575.495361328125 2292.120117187500 -87.478759765625  0.011475693434 0.295486152172 1.498546719551 1

L 2 3522.799560546875 2278.803466796875 -81.693977355957  0.027248132974 0.300566673279 1.596539497375 1

h 2 1400.000000000000 466.666656494141 2602.822265625000  0.000000000000 -0.000000000000 0.982793748379 1

h 2 1400.000000000000 1400.000000000000 2692.666748046875  0.000000000000 -0.000000000000 0.785398185253 1

h 1 4200.000000000000 4200.000000000000 2607.911132812500  0.000000000000 -0.000000000000 3.926990747452 1

u 2 1491.608032226562 1617.949707031250 -46.602359771729  0.307137101889 0.139725357294 4.732222080231 1

u 1 4014.488525390625 4048.707031250000 -231.487335205078  0.006564818788 0.421518981457 3.113065958023 0

