c e 1 3742.698242187500 3572.414062500000 266.682098388672  0.079989351332 0.043089266866 3.338594913483 1

e 1 3677.386230468750 3588.593017578125 266.751861572266  6.149557590485 0.091082423925 3.085947751999 1

r 1 3700.420654296875 3633.647460937500 267.650238037109  6.283073425293 0.008761692792 2.996288061142 1

g 1 3444.048095703125 3475.416015625000 320.219909667969  6.214057922363 6.149100303650 4.637744903564 0

c f 1 3609.303710937500 3638.099365234375 266.313262939453  6.271417140961 0.002613092074 5.577174663544 1

s 1 3438.183593750000 3708.013916015625 324.875946044922  6.112332820892 6.155346870422 5.053641319275 0

f 1 3648.796142578125 3636.010253906250 266.418640136719  0.000154163004 0.015080951154 3.027382850647 1

g 1 3900.268798828125 3585.463623046875 286.179962158203  0.039405450225 0.368319690228 3.250659704208 0

c g 1 3747.371093750000 3463.458007812500 267.801849365234  0.422946304083 6.275117874146 2.540370464325 1

c s 1 3729.312988281250 3462.824218750000 267.117919921875  0.155448377132 0.113367497921 2.583537340164 1

c p 1 3639.980224609375 3569.775390625000 267.152740478516  6.111581802368 6.182699203491 2.527743339539 1

c p 1 3619.674316406250 3574.843994140625 266.409606933594  6.282646656036 6.214471817017 2.589375972748 1

s 1 3742.052734375000 3305.242431640625 324.803802490234  5.881357669830 6.198654651642 4.995816707611 0

c e 1 1944.524047851562 1964.667114257812 267.436553955078  0.082349620759 5.604844093323 3.885371208191 1

c f 1 1921.426513671875 1936.674194335938 267.471313476562  0.096044488251 5.504696369171 3.779816150665 1

c s 1 1846.739013671875 1913.033447265625 267.471740722656  0.111851014197 5.767375469208 3.872342348099 1

c g 1 1872.229858398438 2029.859252929688 266.714019775391  0.005977070425 6.067197799683 3.949762105942 1

e 1 1947.155761718750 1995.317260742188 266.865509033203  0.175208240747 6.192170619965 0.038955125958 1

r 1 1906.767333984375 1857.024536132812 267.702484130859  0.007171303499 0.007188044488 6.212124347687 1

f 1 1962.931030273438 1858.096191406250 266.556427001953  0.006843852811 6.265385150909 6.252806186676 1

g 1 2200.573486328125 2038.189208984375 320.219909667969  0.033055741340 5.914269924164 6.191740036011 0

g 1 1767.581420898438 1982.738769531250 280.230407714844  0.090867474675 5.919836521149 2.852478027344 0

s 1 1986.650634765625 2248.818115234375 324.803771972656  0.460812687874 6.078225135803 0.191558077931 0

s 1 2194.004638671875 1838.686401367188 323.719085693359  5.980484008789 0.544075965881 5.250882625580 0

r 2 3725.345214843750 1926.627441406250 267.754730224609  6.271754741669 6.268702507019 2.409113168716 1

c g 2 3691.421630859375 1864.108398437500 267.862854003906  0.322512090206 6.075411319733 2.673831224442 1

c s 2 3645.020751953125 1884.762573242188 268.372344970703  0.462421268225 5.997910499573 2.641390562057 1

c p 2 3709.862060546875 1978.394165039062 266.405487060547  6.282156467438 0.066045619547 4.204916000366 1

h 1 4200.000000000000 3266.666503906250 2554.088867187500  0.000000000000 -0.000000000000 3.141592741013 1

e 2 3647.664794921875 1970.312744140625 266.987548828125  0.099390827119 0.136619493365 3.429904937744 1

s 2 3397.851562500000 1846.921997070312 310.975036621094  6.093222618103 0.145975500345 2.948476314545 0

s 2 3776.565185546875 2211.348632812500 319.655487060547  6.265579700470 6.147573947906 1.577442765236 0

g 2 3388.262451171875 2020.675048828125 322.331176757812  0.075699232519 6.279458999634 1.828713774681 0

g 2 3688.275390625000 1785.702270507812 282.531127929688  0.016219839454 0.044467259198 1.522697567940 0

c p 2 3676.400390625000 1987.875000000000 266.306884765625  6.280988216400 6.265379905701 1.855099558830 1

c e 2 1872.466064453125 3515.813720703125 266.367523193359  0.013791548088 1.523026704788 3.879024028778 1

c g 2 1814.568725585938 3435.206787109375 266.835144042969  0.000521354028 5.979174137115 5.015035152435 1

f 2 3696.282470703125 1960.076782226562 266.179565429688  6.281766414642 0.002423006110 5.436627864838 1

c e 2 3612.017578125000 2007.451293945312 267.067626953125  0.001810530317 0.498732507229 2.541710138321 1

e 2 1933.681030273438 3577.744140625000 267.152069091797  6.098828315735 0.088055148721 6.270400047302 1

s 2 2165.532470703125 3694.796875000000 319.589447021484  6.123226165771 0.114339292049 3.283742189407 0

s 2 1991.572021484375 3303.293212890625 319.589447021484  0.105769209564 5.853463649750 4.793629169464 0

c s 2 1833.757324218750 3474.551025390625 266.332031250000  6.279118537903 0.026002386585 0.666277706623 1

f 2 1994.113037109375 3669.870117187500 266.427551269531  6.283006191254 0.015760619193 0.102577961981 1

h 1 1400.000000000000 2333.333251953125 2503.644531250000  0.000000000000 -0.000000000000 0.463647514582 1

h 2 1400.000000000000 3266.666503906250 2571.888916015625  0.000000000000 -0.000000000000 0.000000174846 1

h 2 4200.000000000000 2333.333251953125 2549.577880859375  0.000000000000 -0.000000000000 2.356194496155 1

g 2 2169.850341796875 3477.086669921875 322.331207275391  6.134638309479 0.542287826538 0.045084081590 0

g 2 1715.735229492188 3602.824951171875 282.331176757812  6.208436489105 0.363045006990 6.075349807739 0

r 2 1950.658081054688 3668.021728515625 267.345062255859  0.000183557990 0.000147639526 0.050400707871 1

u 1 3724.740722656250 3516.596191406250 265.728912353516  3.092039823532 6.186263561249 3.234719753265 1

u 2 3730.408447265625 1817.595336914062 265.636108398438  3.268661975861 4.878542900085 4.635003566742 1

e 2 5141.209472656250 373.291076660156 267.204467773438  6.024611949921 6.279994964600 4.134372711182 1

r 2 5135.851562500000 344.699951171875 267.398803710938  6.281595230103 0.002091575647 4.129864215851 1

c p 2 5126.466308593750 320.278106689453 267.176147460938  0.204167217016 6.230659961700 4.147227287292 1

c p 2 5112.313476562500 297.487030029297 266.429290771484  3.166677951813 1.495472788811 0.948190450668 1

s 2 5213.686523437500 194.833618164062 279.589447021484  0.134511321783 0.201336711645 2.165721654892 0

g 2 5034.212402343750 427.256072998047 282.331176757812  6.213920593262 0.168683171272 1.702316284180 0

e 1 459.242248535156 358.221130371094 266.982543945312  6.075388431549 6.169984340668 2.536760568619 1

r 1 432.124145507812 403.805145263672 267.709350585938  0.002532933606 0.010320125148 0.501045346260 1

g 1 524.983825683594 451.557983398438 280.041534423828  0.000000000000 -0.000000000000 0.573640048504 0

c p 1 445.880615234375 485.903686523438 268.132598876953  0.401116371155 0.228836238384 4.522328376770 1

c p 1 432.938232421875 461.577117919922 266.938903808594  6.283100605011 0.384528666735 4.348967075348 1

s 1 311.031494140625 268.724578857422 282.409606933594  6.172584056854 0.428684562445 0.493973046541 0

