e 1 5512.812500000000 4749.736816406250 19.145761489868  5.985584735870 5.939392566681 4.966310977936 1

e 1 5524.429199218750 4751.674804687500 17.457498550415  0.153951272368 5.653369426727 4.403113365173 1

s 1 5557.597656250000 4548.906250000000 59.980033874512  5.685652732849 6.234548568726 4.470317840576 0

g 1 5449.029785156250 4627.051757812500 98.338768005371  0.090688765049 0.030971210450 4.322305679321 0

s 1 5387.817382812500 4708.756835937500 66.850410461426  0.419680535793 0.032628823072 3.533077001572 0

g 1 5456.554199218750 4930.245117187500 54.252029418945  0.010223546065 6.201522350311 3.336152076721 0

s 1 5592.874023437500 5002.750000000000 22.550180435181  0.191877141595 6.176547527313 2.016560077667 0

r 1 5568.645996093750 4807.486816406250 6.182250022888  6.195462703705 6.242423534393 4.483638763428 1

f 1 5520.740234375000 4804.922851562500 11.070291519165  6.114666938782 6.250072479248 4.326555728912 1

f 1 5442.946777343750 4813.472167968750 21.643070220947  6.207679748535 0.078232593834 4.267886161804 1

c e 1 5572.801757812500 4878.571777343750 5.536713600159  0.011172343977 6.081264019012 3.647791385651 1

c e 1 5565.246093750000 4876.980468750000 5.706510066986  6.108492851257 6.190282821655 3.634253501892 1

c g 1 5559.065429687500 4876.665039062500 7.196620941162  6.026941299438 6.280081272125 3.672892332077 1

c s 1 5551.276855468750 4878.470703125000 9.409333229065  3.429404735565 5.170002460480 6.090055942535 1

c r 1 5524.245605468750 4875.249511718750 18.775814056396  5.579936981201 6.063846588135 3.725384712219 1

e 2 5304.406250000000 762.288879394531 55.091918945312  0.387572348118 0.271972954273 1.317154407501 1

e 2 5318.913574218750 767.199645996094 51.260501861572  0.355830103159 6.124192714691 1.428105115891 1

s 2 5225.539062500000 984.411865234375 129.038177490234  0.429014623165 6.049441814423 1.861761331558 0

s 2 5480.542968750000 968.256286621094 57.795970916748  6.122530937195 6.164715766907 2.395329713821 0

g 2 5324.274902343750 947.420471191406 84.955192565918  0.337819606066 0.161397770047 1.807312607765 0

g 2 5165.569335937500 639.531616210938 31.278219223022  5.836259365082 6.224138736725 3.992017507553 0

g 2 5466.522460937500 697.734680175781 95.136222839355  6.259356021881 0.320246040821 0.870313346386 0

s 2 5338.146484375000 600.715942382812 51.480163574219  0.321051806211 6.175798892975 4.743979454041 0

r 2 5241.335937500000 775.588928222656 55.612754821777  0.067303068936 6.132241249084 1.277212023735 1

f 2 5347.955078125000 733.467590332031 41.435783386230  0.132841229439 6.171524047852 1.834851145744 1

f 2 5386.838378906250 764.820617675781 40.842678070068  6.170774459839 0.046555977315 2.242416858673 1

c e 2 5272.889648437500 676.559387207031 25.792724609375  3.387299299240 5.342317104340 4.367591381073 1

c e 2 5273.105468750000 681.739624023438 27.305986404419  6.211728572845 5.993092060089 1.464119076729 1

c r 2 5251.082519531250 680.338500976562 23.116586685181  3.237027168274 5.381466388702 4.384765148163 1

c s 2 5269.881835937500 642.874694824219 18.035526275635  4.365792751312 0.099399082363 1.860897898674 1

c g 2 5298.923828125000 664.606994628906 23.988935470581  3.515936136246 5.152291297913 4.631595611572 1

e 2 4357.810058593750 2156.785888671875 6.578763008118  0.039600517601 6.196685314178 0.854605376720 1

s 2 4359.636230468750 2327.853271484375 39.991451263428  0.037933751941 6.244809150696 1.871191859245 0

g 2 4487.543457031250 2088.583984375000 20.888891220093  5.987449169159 0.108442798257 6.252594470978 0

s 2 4230.670410156250 2103.658691406250 23.980144500732  0.036704946309 6.255802631378 1.691686511040 0

e 1 4365.578613281250 3417.700927734375 3.041893243790  0.215650632977 0.069994628429 5.282737255096 1

s 1 4478.572753906250 3345.239990234375 20.803766250610  0.029696095735 6.139171600342 3.897396564484 0

g 1 4492.177246093750 3532.541992187500 27.978073120117  0.116749644279 0.142091840506 4.678206443787 0

s 1 4246.273437500000 3391.285644531250 29.591129302979  6.149488449097 6.117728233337 4.265774250031 0

e 1 3230.838623046875 3238.889648437500 4.954773426056  0.233582600951 0.372241795063 1.329407334328 1

s 1 3059.007568359375 3322.277099609375 27.367851257324  0.045478094369 0.007016491145 5.106468677521 0

g 1 3257.060546875000 3403.221191406250 19.804803848267  6.266269207001 0.004455216695 1.101552605629 0

s 1 3275.448730468750 3109.442382812500 36.037178039551  0.017538784072 0.029699606821 4.957466125488 0

e 2 3501.705322265625 2384.913085937500 3.339149951935  0.216677725315 0.154213801026 2.273159980774 1

s 2 3431.511962890625 2497.058105468750 15.743455886841  6.274201393127 6.246057033539 1.685986399651 0

g 2 3641.623535156250 2422.755126953125 18.467372894287  6.272377490997 0.009924624115 2.729670763016 0

s 2 3341.980957031250 2335.631591796875 15.620747566223  6.280752182007 6.259500026703 1.375250935555 0

h 2 5133.333007812500 1400.000000000000 2636.488769531250  0.000000000000 -0.000000000000 2.356194496155 1

h 1 5133.333007812500 4200.000000000000 2683.444335937500  0.000000000000 -0.000000000000 3.605240345001 1

