r 1 4088.948486328125 1072.824462890625 45.690750122070  6.161534786224 0.043446708471 5.098486423492 1

f 1 4088.986083984375 1140.411865234375 52.744796752930  6.277671813965 6.067448616028 1.823614478111 1

e 1 4169.182128906250 1074.300170898438 46.557495117188  6.128376007080 0.155888080597 3.136692285538 1

p 1 4189.535644531250 1032.296997070313 51.263324737549  0.095926292241 0.046796578914 3.219765663147 1

r 2 1712.982299804688 1427.493164062500 4.809164524078  0.006138192024 6.265573024750 5.280033588409 1

f 2 1752.779907226563 1355.376464843750 3.240146398544  6.276861667633 6.256213665009 5.648453235626 1

e 2 1687.680297851563 1363.832519531250 3.502387046814  6.272201538086 0.067399278283 0.905600368977 1

p 2 1758.532104492188 1463.253051757813 4.933269977570  6.275408267975 0.009598646313 0.555759131908 1

p 1 1303.257080078125 4464.696289062500 -55.486877441406  6.187184810638 0.238018348813 5.136247158051 1

r 2 4039.823730468750 3834.079833984375 -97.867698669434  6.074353694916 6.240509510040 2.768476486206 1

f 2 3902.396728515625 3875.433349609375 -91.763366699219  0.028955258429 6.267768383026 5.735825538635 1

e 2 3956.418701171875 3858.892578125000 -92.334159851074  0.146828964353 0.142045721412 5.807825088501 1

p 2 3970.876953125000 3933.096435546875 -77.878067016602  6.272515773773 0.279718548059 4.163894653320 1

s 1 4051.356201171875 1259.405639648438 91.705482482910  0.028974097222 0.179769277573 1.928098320961 0

c g 1 4174.197753906250 1022.999511718750 49.146957397461  0.020556777716 0.142269209027 2.348766803741 1

c p 1 4235.565429687500 1034.735229492188 57.290252685547  0.263554602861 0.063815891743 4.103913307190 1

c p 1 4228.401855468750 1068.345703125000 58.639190673828  0.068355791271 0.292328029871 4.180518150330 1

c s 1 4149.614257812500 1012.434020996094 48.508739471436  0.123501345515 6.065435886383 4.075921535492 1

c g 1 4121.875000000000 1015.027954101563 48.586826324463  0.132755413651 6.050737857819 3.993335247040 1

g 2 1919.888061523438 1258.477539062500 21.338968276978  0.011969116516 6.227477073669 5.746400356293 0

c p 2 1795.520019531250 1427.739379882813 2.981015205383  6.280985832214 6.213553428650 3.160755157471 1

c g 2 1774.137817382813 1486.352172851563 2.609568834305  6.275285243988 6.269262313843 4.336665153503 1

c p 2 1780.225585937500 1450.245605468750 2.815980672836  0.001628863276 6.270944118500 1.193542242050 1

c g 2 1799.426513671875 1394.341064453125 2.898873806000  6.276233673096 0.029832556844 2.711183071136 1

s 2 1585.619628906250 1557.743164062500 144.253067016602  6.027478694916 0.251344770193 1.639896750450 0

c g 1 1325.015869140625 4344.194824218750 -53.009601593018  6.203108310699 0.130292266607 0.676147162914 1

c g 1 1339.230957031250 4320.899414062500 -49.386726379395  6.159831523895 0.178947627544 0.754374802113 1

c p 1 1370.245849609375 4276.237304687500 -41.584831237793  6.178824424744 0.143929466605 0.732453405857 1

c p 1 1346.360717773438 4287.362792968750 -42.352756500244  6.240293025970 0.177462801337 0.878332197666 1

s 1 1205.918823242188 3922.000000000000 101.186225891113  5.906271934509 0.177869781852 0.240596637130 0

e 1 1269.330078125000 4156.534179687500 -34.336357116699  6.008304595947 0.142396628857 4.542725086212 1

r 1 1228.614013671875 4217.104492187500 -23.994382858276  0.119000770152 6.260834693909 0.733331322670 1

f 1 1347.753662109375 4202.069824218750 -35.113327026367  6.278799533844 6.263271331787 4.055122852325 1

g 1 1438.928833007813 4368.006347656250 -44.562309265137  6.251999855042 0.137244790792 0.894255995750 0

s 2 4069.566650390625 4027.284423828125 31.242763519287  0.257742494345 6.235692024231 4.376757144928 0

c s 2 4009.299316406250 3745.103027343750 -100.523559570313  6.230186939240 0.279144287109 1.692863702774 1

c g 2 3971.034912109375 3746.875244140625 -98.967834472656  0.122926272452 6.272045135498 1.631826281548 1

c p 2 3941.922119140625 3752.630371093750 -96.145370483398  0.034737925977 0.037465263158 1.592882752419 1

c p 2 3926.932128906250 3761.779785156250 -93.904067993164  0.161703914404 6.253955841064 1.705562949181 1

c g 2 3973.900634765625 3726.114990234375 -98.332725524902  6.211431026459 0.019239781424 5.274305343628 1

