f 1 1137.437988281250 4483.227050781250 -35.197013854980  0.040452890098 6.199951648712 2.290805339813 1

e 1 1114.518798828125 4445.019531250000 -37.985492706299  6.168303966522 0.095076121390 4.163508415222 1

e 1 1987.524414062500 4534.135742187500 -15.127935409546  0.325424551964 6.138035774231 4.193771362305 1

s 1 2118.136230468750 4483.306640625000 117.178192138672  0.485950112343 0.377479493618 3.033713102341 0

s 2 3274.499023437500 4496.858398437500 170.782745361328  0.086090080440 0.227654695511 2.621498107910 0

r 2 4166.556152343750 4202.953613281250 -81.794471740723  0.088133387268 6.256230831146 2.582813262939 1

f 2 4084.200195312500 4253.035156250000 -77.680564880371  6.160154819489 6.256276130676 3.572404384613 1

e 2 4103.005371093750 4222.283691406250 -80.278633117676  6.279705524445 0.048491295427 5.742453098297 1

h 1 1400.000000000000 4200.000000000000 2569.133300781250  0.000000000000 0.000000000000 5.819537639618 1

h 2 4200.000000000000 4200.000000000000 2514.600097656250  0.000000000000 0.000000000000 3.926990747452 1

u 2 4120.647949218750 4220.227050781250 -82.058624267578  3.655156850815 1.432243585587 1.444563865662 1

g 1 1182.872924804688 4291.487792968750 -7.550614833832  6.243551731110 0.206635251641 1.025303721428 0

c s 1 1049.444335937500 4277.767089843750 -35.458576202393  6.273404121399 0.122377328575 1.662220120430 1

u 1 1371.745361328125 4443.153808593750 -63.534351348877  3.120966196060 6.244488239288 1.399847269058 1

r 1 1079.194213867188 4372.004882812500 -38.332637786865  6.220345973969 0.020051421598 0.842181444168 1

s 1 2024.827514648438 4285.808105468750 112.437324523926  0.154962301254 0.134093433619 6.101548194885 0

g 1 2027.542114257813 4620.360351562500 0.541283905506  6.110695362091 6.119241237640 0.071509033442 0

c e 1 1016.574951171875 4298.876464843750 -35.972942352295  6.279817104340 6.271249294281 6.094373226166 1

g 2 4092.368652343750 4396.261718750000 -57.710079193115  6.182618618011 6.212392807007 2.540485143661 0

c s 2 4261.507812500000 4275.625000000000 -97.443954467773  0.093171902001 0.146509915590 2.830839157104 1

c e 2 4240.762207031250 4230.681640625000 -92.350563049316  0.054669518024 0.150441005826 1.928927302361 1

g 2 3273.460449218750 4773.631835937500 17.374004364014  6.269212245941 6.227937698364 3.151779174805 0

s 2 3455.219238281250 4419.911621093750 139.882369995117  0.117905795574 5.953424453735 2.526722908020 0

e 2 3373.985595703125 4659.606445312500 2.358717918396  0.488663882017 0.115114822984 2.796348571777 1

