e 2 2660.151611328125 4117.714355468750 2.492228507996  6.271755218506 6.282628059387 4.609846115112 1

s 2 2740.638916015625 3939.838378906250 15.351200103760  6.261480331421 6.271513938904 4.679447650909 0

s 2 2567.518066406250 3922.203125000000 15.609624862671  0.000000000000 0.000000000000 4.672371864319 0

s 2 2664.359863281250 4256.461914062500 15.593880653381  0.000000000000 0.000000000000 4.636334896088 0

e 1 2587.710693359375 1651.394653320313 2.342431306839  6.246210575104 6.273152828217 1.434906125069 1

s 1 2528.302001953125 1829.701171875000 20.803813934326  0.000000000000 0.000000000000 1.553549647331 0

s 1 2660.800537109375 1807.514892578125 20.803804397583  0.009155593812 6.267975807190 1.583109140396 0

s 1 2581.904296875000 1514.925048828125 20.803812026978  6.263767242432 0.016021225601 4.123948574066 0

h 1 2458.167236328125 1400.000000000000 2595.577880859375  0.000000000000 0.000000000000 3.141592741013 1

h 2 2457.996093750000 4200.000000000000 2547.466552734375  0.000000000000 0.000000000000 3.141592741013 1

p 2 2450.562988281250 4437.360351562500 4.461775779724  0.046868052334 6.281777858734 5.344262123108 1

r 2 2243.456054687500 4676.348632812500 -30.662277221680  0.076787315309 6.253857612610 5.463969230652 1

f 2 2293.276855468750 4737.863769531250 -22.546039581299  6.100579261780 0.040992423892 2.732831716537 1

c s 2 2225.057617187500 4769.800292968750 -24.424060821533  0.001122329966 0.203269109130 4.175951957703 1

c g 2 2194.117431640625 4755.785156250000 -28.392749786377  6.270410060883 0.085157722235 3.952469587326 1

c e 2 2174.323974609375 4726.938476562500 -31.887363433838  6.222401142120 0.055449254811 4.110532760620 1

c p 2 2163.854003906250 4683.780273437500 -33.681037902832  6.256857872009 0.018273064867 4.152837753296 1

e 2 2237.418701171875 4732.615234375000 -29.424896240234  6.133246421814 0.198180750012 3.671444416046 1

u 2 2270.075439453125 4780.575195312500 -21.754894256592  6.206789970398 0.050038930029 2.687610626221 1

s 2 2269.036621093750 4993.283691406250 70.617439270020  6.072568416595 0.183336511254 4.809842586517 0

p 1 2366.225585937500 1203.981933593750 4.722264766693  6.253343105316 0.141741812229 2.074726343155 1

e 1 2122.622802734375 943.365356445313 -0.570633172989  6.232494354248 0.148120105267 0.894027292728 1

r 1 2107.182861328125 888.849914550781 3.714098691940  0.009148581885 0.009346825071 0.684553384781 1

f 1 2039.472045898438 962.033203125000 -0.829905807972  6.147668838501 0.071739658713 0.236208990216 1

u 1 2108.808593750000 972.433898925781 -6.703556060791  0.189191967249 6.051875591278 3.831024408340 1

s 1 1975.992553710938 783.587341308594 20.803802490234  0.000828575750 0.000078657366 0.690751016140 0

c p 1 2143.134765625000 1006.973632812500 -17.309707641602  0.019400436431 0.091882847250 1.172188878059 1

c e 1 2169.215332031250 1016.860839843750 -17.560424804688  6.107978820801 0.307972341776 0.802092850208 1

c g 1 2197.365234375000 1016.397644042969 -16.338068008423  6.142443180084 0.066224575043 0.763291478157 1

c s 1 2231.614990234375 1017.922241210938 -14.857464790344  6.114863872528 6.250973701477 0.772198557854 1

