e 2 5106.594726562500 5163.063476562500 2.966005802155  6.113008022308 6.283134460449 4.834425926208 1

e 2 5118.617187500000 5156.580078125000 3.125195741653  6.254652976990 6.083174705505 4.839992523193 1

s 2 5330.203613281250 5024.979003906250 42.568099975586  6.203966617584 0.048466134816 3.211523056030 0

g 2 5303.422363281250 5256.628417968750 77.896705627441  0.023402351886 0.107427060604 3.853730201721 0

s 2 5171.722656250000 5381.290527343750 94.761054992676  0.069460391998 0.135407283902 3.927472591400 0

g 2 5150.250976562500 4947.730957031250 18.331222534180  0.000519193301 6.282968521118 4.322265148163 0

s 2 4965.355468750000 5047.376464843750 15.690695762634  0.058619048446 0.126248136163 3.992682695389 0

g 2 4908.549804687500 5290.166015625000 18.364725112915  6.175106525421 6.181544780731 2.995280504227 0

r 2 5150.069824218750 5241.252441406250 7.695470809937  0.162740185857 0.130808264017 4.647547721863 1

f 2 5207.856445312500 5148.999023437500 4.817039012909  0.148114547133 0.016903597862 4.871117115021 1

f 2 5165.699707031250 5120.043945312500 2.308443784714  6.282940864563 0.009776813909 4.875236988068 1

p 2 5092.135253906250 5095.012695312500 4.470847129822  0.032612811774 0.009541416541 3.747560501099 1

c p 2 5064.283691406250 5103.494628906250 3.654359579086  0.274294286966 0.175999030471 3.803217172623 1

c s 2 5051.972656250000 5113.546386718750 3.559280872345  0.250278145075 0.168413579464 3.762254714966 1

c g 2 5037.194824218750 5111.480957031250 2.488588571548  6.275573253632 0.092542111874 3.698725700378 1

e 2 5160.954589843750 3123.124267578125 3.139778614044  0.149453952909 0.142828151584 2.888752937317 1

e 2 5149.904785156250 3126.104736328125 3.121454477310  0.161228314042 6.164288520813 2.869551181793 1

c r 2 5183.154785156250 3072.959228515625 2.427007198334  0.001693194383 0.074967272580 2.505989551544 1

g 2 4949.554199218750 3086.918701171875 18.331151962280  0.000000000000 -0.000000000000 3.479772329330 0

g 2 5097.432617187500 3279.029296875000 18.331153869629  0.000000000000 -0.000000000000 1.376269578934 0

s 2 5292.361328125000 2977.012695312500 106.602073669434  0.060070224106 0.118903435767 2.449595928192 0

c f 2 5186.196289062500 3127.201904296875 2.462825775146  6.235047340393 0.002781416988 3.317122697830 1

c g 2 5180.423828125000 3154.780761718750 2.449831724167  0.022118804976 6.237808227539 3.255901098251 1

c s 2 5174.770019531250 3173.498779296875 3.167724847794  6.281263351440 0.648124933243 3.287119626999 1

c g 2 5153.495117187500 3186.351562500000 3.142423868179  6.220564842224 0.354288160801 3.249623298645 1

c s 2 5123.656738281250 3168.467041015625 2.831181764603  6.261396884918 0.248671054840 3.423516750336 1

c p 2 5133.994628906250 3097.626464843750 3.137212514877  6.280856609344 0.978689670563 0.444965153933 1

c p 2 5153.297851562500 3097.184082031250 3.771838188171  0.311524271965 0.172329112887 0.518561244011 1

r 1 2578.671142578125 3039.960693359375 63.724399566650  0.005669787526 6.274053573608 2.982850074768 1

s 1 2377.622558593750 3166.731933593750 187.298675537109  0.667520880699 5.403964042664 5.324095726013 0

s 1 2778.674804687500 2947.297119140625 182.356414794922  0.025816839188 0.030530070886 0.143519923091 0

s 1 2770.172607421875 3167.323486328125 179.374099731445  0.420616656542 5.808464050293 0.010811120272 0

s 1 2385.183349609375 2953.671875000000 181.729064941406  6.281685829163 0.036162406206 3.093666791916 0

g 1 2541.229248046875 2819.082275390625 76.219993591309  0.019729835913 0.072117418051 4.979687690735 0

g 1 2713.619873046875 2806.867431640625 73.082420349121  6.238228321075 0.101155124605 4.414880752563 0

g 1 2827.860107421875 3074.053955078125 76.219917297363  6.277624130249 6.170967102051 3.191214799881 0

g 1 2380.417480468750 3062.723876953125 76.219924926758  0.003853050992 0.112294912338 3.176010608673 0

g 1 2509.831542968750 3233.935791015625 76.219917297363  6.283184528351 0.000000024425 1.612308740616 0

g 1 2644.069580078125 3230.455566406250 76.220191955566  0.000000000000 -0.000000000000 1.459593534470 0

e 1 2311.810791015625 226.304855346680 2.874220371246  6.115318298340 0.111039519310 1.503576397896 1

e 1 2320.329833984375 237.406524658203 2.234974145889  0.005402961746 6.279499530792 1.512809395790 1

g 1 2179.435546875000 329.959045410156 15.643068313599  6.263172149658 0.036197807640 1.350144505501 0

g 1 2286.530273437500 89.677139282227 16.219919204712  0.000000000000 -0.000000000000 3.497436761856 0

s 1 2404.891357421875 404.406066894531 108.940376281738  6.160420894623 0.113184101880 2.094614505768 0

c s 1 2224.065673828125 219.177398681641 4.739658355713  0.640362560749 6.036955356598 1.291015028954 1

c s 1 2234.111816406250 233.586318969727 2.390183925629  6.280985355377 0.056842405349 1.448037266731 1

c g 1 2253.005859375000 251.253250122070 2.641495227814  6.249356269836 6.167868614197 1.438000321388 1

c g 1 2271.644775390625 270.534423828125 2.433874130249  6.280805110931 0.076762892306 1.357470750809 1

c p 1 2291.113769531250 294.056091308594 2.506024122238  6.283141136169 0.117431521416 1.466008186340 1

c p 1 2304.053222656250 309.672607421875 2.332538843155  0.014068188146 0.005532166455 1.231343746185 1

c r 1 2373.596923828125 193.725082397461 2.387297153473  0.000414145237 0.057431157678 2.207693338394 1

c f 1 2361.172363281250 223.740921020508 2.807767629623  0.011703819036 6.024331569672 2.273163080215 1

e 1 435.034149169922 902.015930175781 3.085816621780  0.213506773114 6.111437320709 1.560919046402 1

e 1 425.513488769531 914.084899902344 2.940551280975  6.112071037292 0.119508922100 1.570173978806 1

f 1 473.098785400391 1013.557739257812 3.691279649734  6.250753879547 0.008885611780 0.982451438904 1

f 1 445.826873779297 1022.901672363281 2.306829929352  6.267926692963 6.282073020935 0.991889059544 1

r 1 436.029907226562 966.234741210938 3.742653369904  6.278524875641 6.273525714874 0.971581161022 1

p 1 423.717163085938 857.117004394531 4.596875190735  6.262026309967 0.091861493886 1.336400151253 1

c e 1 410.512817382812 881.883911132812 2.497355937958  0.003555331146 0.070412404835 1.907718420029 1

c p 1 450.193878173828 857.455871582031 2.439030885696  6.282927036285 0.083532989025 1.997067928314 1

s 1 230.064025878906 992.537170410156 107.780960083008  0.506932497025 0.150649577379 0.896069407463 0

g 1 289.341705322266 1137.171142578125 39.605339050293  0.265159994364 0.255075365305 0.975506603718 0

s 1 548.136596679688 1142.409423828125 18.423192977905  0.048125740141 6.258566379547 1.379068374634 0

g 1 714.372985839844 944.587768554688 16.219944000244  0.014990222640 6.272326946259 6.280286312103 0

s 1 638.970581054688 732.914733886719 20.803770065308  0.000000000000 -0.000000000000 6.054999351501 0

g 1 319.262023925781 675.294189453125 39.060531616211  6.260782718658 5.921204090118 4.065514087677 0

c s 1 447.607055664062 807.618225097656 4.854745388031  0.659171104431 0.331573247910 1.487673997879 1

c g 1 425.654144287109 810.545104980469 2.423650026321  0.000681703968 6.208501338959 1.433634519577 1

c e 2 5047.679687500000 5078.992187500000 2.313780069351  6.276329994202 0.012118230574 0.564635634422 1

