r 2 5085.607910156250 5139.040039062500 3.365290403366  0.002111223526 0.000131960711 3.988218307495 1

f 2 5108.870605468750 5039.493652343750 2.134380817413  6.282839775085 0.000785158598 3.382701635361 1

e 2 5112.238281250000 5092.900878906250 2.491787433624  0.006776555907 0.006859292276 3.375091075897 1

s 2 4934.491699218750 5150.953125000000 15.583999633789  6.283180236816 6.283182621002 3.426479101181 0

s 2 5121.789550781250 4901.835937500000 15.579283714294  0.000000000000 0.000000000000 4.671446323395 0

f 2 2711.562011718750 5111.198242187500 2.132646799088  6.282299995422 0.000157795803 4.568241596222 1

f 2 2594.645019531250 5171.374511718750 2.131407260895  0.000173844150 6.282733917236 4.567346572876 1

e 2 2653.959960937500 5166.125488281250 2.495014667511  6.277228355408 6.271549224854 4.566883087158 1

s 2 2658.906005859375 4951.972167968750 15.536653518677  0.000000000000 0.000000000000 4.570847511292 0

s 2 2442.942871093750 5136.548828125000 15.880360603333  6.261803627014 0.004509137943 4.244734764099 0

e 2 2658.088378906250 4095.530761718750 2.503666162491  0.014303073287 0.002981481608 4.652654170990 1

f 2 2658.050048828125 4158.719238281250 2.137960910797  0.001294572372 0.000157545568 4.638847351074 1

s 2 2741.562011718750 3912.947021484375 15.452015876770  6.263416290283 6.209573745728 4.643042087555 0

s 2 2593.237060546875 3913.898681640625 15.493458747864  6.275036811829 6.208930969238 4.831814765930 0

s 2 2578.273193359375 2882.232910156250 75.596473693848  6.283158779144 0.000028527536 4.751403808594 0

s 2 2406.723144531250 3061.400878906250 75.599975585938  0.000000000000 0.000000000000 3.143816947937 0

s 1 2656.281005859375 3241.284179687500 80.804222106934  0.000000000000 0.000000000000 1.742427706718 0

s 1 2801.855468750000 3060.046386718750 80.806686401367  0.000000000000 0.000000000000 6.103788852692 0

f 1 2645.282714843750 3042.954833984375 62.169425964355  0.001047148136 6.282371520996 1.532502293587 1

f 2 2576.737060546875 3045.300781250000 62.139144897461  0.001420834102 0.000015750358 1.536497950554 1

e 2 3994.130371093750 3067.084472656250 2.456850767136  6.282928943634 0.000253448583 3.216210365295 1

s 2 3816.031005859375 3105.731445312500 14.797015190125  0.061535939574 0.022241437808 3.209244966507 0

f 2 4037.765380859375 3050.389648437500 2.130191326141  0.000354231423 0.000274449849 1.486939072609 1

e 2 5117.344726562500 3050.244628906250 2.505193948746  0.002873423276 0.014041523449 2.301907300949 1

f 2 5131.539550781250 3088.750732421875 2.154901742935  0.001092817052 6.282018184662 2.318637371063 1

f 2 5076.210937500000 3040.265625000000 2.126827001572  0.000732426997 6.283049106598 2.318564414978 1

s 2 4940.669921875000 3061.740234375000 15.319845199585  0.000000000000 0.000000000000 3.152876138687 0

s 2 5067.551269531250 2921.341796875000 15.239251136780  6.278246402740 0.004380289931 4.147041797638 0

h 2 5133.333007812500 5133.333007812500 2615.000000000000  0.000000000000 0.000000000000 3.926990747452 1

s 2 3842.116699218750 2969.158203125000 14.970911026001  6.270816802979 0.006054113619 3.331411600113 0

e 1 1309.805908203125 3067.281005859375 2.262817859650  6.272640228271 6.273382186890 0.041963696480 1

f 1 1267.805664062500 3075.062500000000 2.160824775696  6.282179832458 6.282850265503 4.659694194794 1

s 1 1483.162109375000 2970.149902343750 19.602363586426  6.271255970001 6.276449203491 0.030820373446 0

s 1 1489.558959960938 3138.098388671875 19.564811706543  0.000000000000 0.000000000000 0.015195888467 0

f 1 465.923187255859 3084.461181640625 2.195322036743  0.003977816086 0.000311966665 5.167500019073 1

e 1 421.615386962891 3062.101806640625 2.279024124146  0.016442481428 0.008305112831 5.191283226013 1

f 1 403.704589843750 2999.306152343750 2.152268648148  6.282019138336 6.283139228821 5.733170032501 1

s 1 608.281555175781 3002.705810546875 19.369354248047  0.000000000000 0.000000000000 0.069173313677 0

s 1 623.712829589844 3188.282958984375 20.074499130249  0.167617470026 6.245985507965 1.162246823311 0

e 1 421.736236572266 809.879089355469 2.253555297852  0.008123656735 0.007684346288 0.978353857994 1

r 1 421.262054443359 736.095703125000 3.886192083359  0.000398966920 0.023328378797 0.851323604584 1

f 1 378.776977539063 837.004089355469 2.165048360825  6.281149864197 6.282947540283 0.705645263195 1

s 1 436.867156982422 976.247009277344 18.436588287354  0.000000000000 0.000000000000 1.436817526817 1

s 1 560.708251953125 746.671691894531 18.878631591797  0.000000000000 0.000000000000 0.001788586495 0

e 1 2732.135986328125 727.265319824219 2.272446155548  0.010398885235 0.014547531493 2.258339405060 1

f 1 2663.547607421875 705.797058105469 2.168647766113  6.281749248505 6.282464981079 1.657082915306 1

f 1 2698.249511718750 818.620788574219 2.180840253830  0.002075956436 0.000666113803 0.190155550838 1

s 1 2647.268798828125 956.099731445313 18.302556991577  6.282613277435 0.000226815144 1.836146593094 0

s 1 2843.182617187500 853.619934082031 17.546575546265  0.025322208181 0.025952300057 0.570455193520 0

e 1 2584.234863281250 1858.636108398438 2.244460344315  0.005236883182 6.275858879089 1.480444669724 1

s 1 2482.498779296875 2016.115844726563 17.941749572754  0.000000000000 0.000000000000 1.506356716156 0

s 1 2669.537841796875 2046.870849609375 18.167118072510  6.251379489899 0.009436693043 1.618127822876 0

f 1 2583.597900390625 1762.509399414063 2.184771299362  6.281111240387 0.000888329057 1.488579511642 1

h 1 466.666656494141 466.666656494141 2515.911132812500  0.000000000000 0.000000000000 0.785398185253 1

u 2 5139.099121093750 5135.049804687500 1.400302648544  4.582714557648 0.002728262683 4.374981880188 1

u 1 380.455718994141 749.805358886719 1.784033298492  6.256150245667 6.262942314148 5.050054073334 1

