r 1 2659.550781250000 4922.139648437500 3.515995502472  6.282447814941 0.002112774644 4.596971035004 1

f 1 2542.559082031250 4856.476562500000 2.179302215576  0.000035011453 0.001715138787 4.555648803711 1

e 1 2602.435791015625 4903.395019531250 2.222463369370  6.282940387726 0.002843571827 4.572662353516 1

s 1 2524.955078125000 4711.851074218750 20.805860519409  0.000000000000 0.000000000000 4.701360702515 0

s 1 2724.334716796875 4709.891113281250 20.735424041748  6.282002925873 0.000808678102 4.702733039856 0

r 1 2603.039306640625 3067.201416015625 63.496265411377  0.002508440521 0.000076224977 5.104760169983 1

f 1 2487.220214843750 3056.567871093750 62.166946411133  0.001719665597 0.000319611398 4.964858531952 1

s 1 2643.207519531250 2934.377685546875 80.806365966797  0.000000000000 0.000000000000 6.252230167389 0

s 1 2495.868896484375 3179.291748046875 80.993072509766  6.281892776489 0.002144691534 1.199881792068 0

r 2 2597.518066406250 1012.015747070313 3.370357513428  0.001954463776 0.000224502714 1.494652509689 1

f 2 2465.436767578125 1014.631225585938 2.128880023956  0.000238281340 0.000131271445 1.565707683563 1

e 2 2531.943603515625 1014.374511718750 2.536589860916  0.014226387255 6.263343334198 1.555923342705 1

s 2 2647.642822265625 1188.236206054688 15.589512825012  0.001105264295 6.277115821838 4.850984573364 0

s 2 2493.326416015625 1197.965454101563 15.589451789856  0.001084993011 6.277295112610 5.086763381958 0

r 2 1545.412353515625 3094.234863281250 3.360850095749  6.283021450043 6.282210350037 6.214542388916 1

f 2 1539.543701171875 3008.860839843750 2.141346931458  6.281954288483 0.000706562772 6.214594364166 1

s 2 1684.870483398438 3001.497314453125 15.598304748535  6.283154010773 0.000016252188 6.213778972626 0

s 2 1699.204833984375 3121.281738281250 15.598225593567  0.000000000000 0.000000000000 6.213654041290 0

r 1 3517.951171875000 3032.811767578125 3.556217908859  0.001562777441 6.279730319977 3.267110347748 1

s 1 3425.336914062500 3006.309326171875 20.933502197266  6.282710075378 0.001129847486 3.204515457153 0

s 1 3317.070556640625 3178.276855468750 21.002965927124  0.001870278269 0.004326930270 3.203529834747 0

f 1 3542.315917968750 3136.606201171875 2.163999080658  6.281924724579 6.280423164368 3.048590183258 1

h 2 2333.333251953125 1400.000000000000 2564.444335937500  0.000000000000 0.000000000000 1.107148766518 1

h 1 2333.333251953125 5133.333007812500 2611.266601562500  0.000000000000 0.000000000000 5.176036357880 1

c g 1 2588.802001953125 5010.374023437500 2.271597623825  0.002612558194 6.282272338867 4.717054367065 1

c d 1 2550.223144531250 4998.206542968750 2.300173759460  6.281007289886 0.014897209592 4.753615379333 1

c s 1 2628.247558593750 5045.573730468750 2.286625862122  6.278393268585 0.004428116139 5.784474849701 1

c g 2 2517.948730468750 893.965332031250 2.427803039551  6.280126571655 0.072971031070 1.303359508514 1

c s 2 2546.025390625000 897.218750000000 2.263540983200  0.001297270064 0.000376823067 1.123969078064 1

c d 2 2582.238037109375 899.248718261719 2.289868593216  6.282269477844 6.269950389862 1.330680131912 1

